150 150
0 0 8608 0 0 6715 3722 4747 0 0 598 0 0 0 0 0 3678 6975 3066 4659 0 0 0 2790 0 8741 0 9762 8271 1435 5928 6505 0 5927 0 0 9981 0 0 0 0 2957 0 0 4952 5732 3387 0 0 0 0 0 0 0 9887 0 0 0 0 1977 7840 6892 0 6288 0 1612 0 9606 0 2681 804 0 0 0 0 0 0 1066 0 0 3815 0 7407 0 0 8187 0 935 0 0 0 0 0 1939 0 0 8369 0 0 6563 0 0 0 0 0 0 3186 0 7666 0 0 0 0 0 7234 0 0 0 1124 0 1148 6733 0 0 8385 2772 4999 0 2300 0 0 1267 545 0 5543 6687 0 0 9041 0 0 0 0 0 4423 0 8506 0 0 0
0 0 9226 0 0 8922 8069 0 0 3261 6296 0 0 2329 0 0 4388 394 0 0 3788 0 0 0 823 0 0 4605 0 5668 0 5825 0 0 0 2571 0 0 0 0 0 0 0 8785 0 0 0 0 0 6216 0 0 0 7516 7753 0 0 7027 1885 0 8989 0 7629 0 0 0 0 0 0 0 3960 0 0 0 0 0 0 2470 0 4227 0 7091 0 0 0 0 0 0 0 5476 2930 0 0 0 3303 5660 0 0 324 0 4129 0 0 38 619 3670 0 393 465 0 8032 0 0 0 0 2134 0 4973 0 0 0 8020 0 0 6599 0 0 0 0 0 0 7326 9240 0 3780 0 0 0 0 0 6959 0 0 0 5099 0 0 0 0 0
8608 9226 0 0 0 0 0 0 0 0 9900 0 0 0 0 0 3561 4984 0 2391 0 0 0 6892 6126 0 1683 0 0 9621 0 0 0 0 0 4302 5771 4741 0 0 0 8594 0 0 0 0 0 0 2126 0 8164 4391 0 0 0 0 0 0 0 0 8727 0 0 0 0 7993 0 0 0 0 0 0 4038 7808 6046 4657 0 0 0 6555 0 0 3054 0 0 0 0 7233 8083 4376 0 3687 4558 0 3077 0 9602 0 0 8774 0 5824 0 0 6137 0 0 0 0 1353 0 0 3305 0 8567 6894 0 0 7707 7813 0 0 3781 0 0 0 8742 0 0 0 5934 0 9135 9953 0 4003 2362 5284 0 2242 0 0 0 9697 0 3709 0 0 0 0
0 0 0 0 0 9147 0 5271 227 0 0 0 0 0 0 0 9703 953 0 0 0 9976 0 0 0 0 0 0 0 8651 0 6555 0 0 0 0 1817 0 0 0 0 0 0 1870 0 1186 0 9376 0 2737 4206 0 0 0 7257 0 0 0 0 5862 0 0 1753 642 0 0 0 8212 0 0 2987 2815 2535 0 0 0 0 4741 2361 0 8076 0 4159 5119 6039 0 7643 0 0 0 0 0 0 9239 0 0 0 0 0 0 5580 0 7324 0 0 6032 0 0 0 212 7328 0 566 5863 0 0 0 0 3864 0 0 6071 0 0 5064 0 0 0 0 0 0 2790 9920 0 0 0 0 0 0 0 0 0 0 1549 0 0 0 0 0 0
0 0 0 0 0 0 1036 0 0 2750 0 0 0 8416 5843 0 3939 0 0 5153 39 0 2632 4558 0 0 0 6670 0 0 0 0 0 5796 8557 0 249 0 0 0 0 0 8047 0 2646 0 0 0 0 1699 1405 5914 0 1935 0 0 0 0 6243 0 3029 0 901 0 0 7029 0 0 0 0 0 5943 0 0 6089 0 0 0 0 6250 2613 0 0 0 0 113 0 3755 0 0 4727 3044 0 0 0 0 0 0 0 0 0 0 8526 0 0 0 0 1627 9235 2418 5236 5466 0 2465 0 0 0 0 0 0 0 0 8963 8940 0 4180 0 0 8913 0 0 0 8798 0 0 0 9292 0 0 6498 9661 0 0 0 0 0 6716 832 0 0
6715 8922 0 9147 0 0 8787 1581 9523 0 0 0 0 0 0 0 115 9842 1496 0 0 6033 0 3262 0 0 6848 3904 4146 0 0 6798 1297 0 0 0 0 865 0 0 0 3911 9439 0 0 0 2818 0 0 0 0 0 4001 338 0 0 7189 3344 0 0 0 0 965 0 0 2950 5260 0 6431 0 0 0 7211 6566 0 5340 0 0 2223 0 0 66 0 0 4669 0 8272 0 6335 7032 0 522 0 257 0 1049 9509 659 0 7422 0 0 7821 0 0 0 0 3643 0 2690 0 0 0 0 0 0 0 7227 8499 0 0 0 0 0 0 0 0 4777 0 7580 6842 2749 0 0 2422 0 4454 0 0 0 6592 0 0 0 0 7516 0 9760 0 0
3722 8069 0 0 1036 8787 0 1632 0 0 0 0 0 1777 0 0 0 0 1156 0 0 0 0 0 0 0 6621 0 0 7230 5226 0 0 7465 3367 5663 9299 0 0 0 0 0 0 0 0 0 0 0 4764 0 0 1188 7148 0 0 0 0 0 0 3461 0 0 0 0 9350 0 0 0 0 9911 7538 0 0 3439 487 0 7608 0 0 8535 0 9554 0 0 6313 0 0 0 0 0 8428 1664 0 895 0 0 0 0 0 8972 0 4767 0 0 2552 0 3847 453 0 0 543 262 897 0 0 3495 0 0 4425 9311 4196 2726 0 0 1358 0 4206 0 0 0 2837 0 1434 0 0 5259 1296 0 0 8599 0 9497 0 0 4398 0 1149 0 1211 0
4747 0 0 5271 0 1581 1632 0 0 0 0 926 4881 1855 7309 0 0 1917 9669 0 0 0 0 0 0 0 0 3443 0 0 0 1236 0 0 0 0 0 4751 0 0 0 0 0 0 0 0 0 8711 0 8695 0 5126 0 0 6377 4825 0 0 7114 0 0 0 4354 9513 0 1727 0 0 1139 7997 9725 7374 0 869 0 0 0 4600 9161 5114 0 0 4157 0 0 29 0 4448 0 0 0 0 5332 1392 5141 0 0 3166 0 3731 0 0 0 0 0 894 6298 0 8055 0 0 7682 0 0 7729 0 0 0 0 6510 0 5858 6494 0 6316 6814 7551 0 0 1151 0 0 0 0 5946 0 0 7645 1786 0 5249 0 0 4994 0 0 0 5741 0 0
0 0 0 227 0 9523 0 0 0 3077 0 0 0 0 6053 6816 3468 0 0 5208 4861 0 9980 2433 0 0 7720 0 1010 0 0 1409 1810 4058 0 0 0 4348 3655 291 6448 9982 1439 0 0 9860 8650 0 6525 0 9646 0 2000 4412 0 1509 8492 0 678 7620 6226 0 0 0 0 8266 6628 1054 0 8331 0 0 0 0 0 5665 0 0 0 3926 0 5973 0 3101 0 8761 4747 0 0 6524 7526 9267 0 0 6891 1061 0 1091 9736 0 0 0 5081 0 6880 0 0 0 2486 0 9844 0 3521 0 0 5253 0 0 4005 3692 0 0 0 0 6011 0 0 2486 0 0 0 0 0 0 0 0 9391 0 0 0 0 6741 3321 0 0 0 0 0 0 0
0 3261 0 0 2750 0 0 0 3077 0 0 0 0 6518 0 0 1594 0 1498 6466 0 0 0 4116 0 0 0 0 0 0 0 0 0 0 0 0 0 8512 4063 0 8603 0 0 0 0 6777 3391 0 0 2027 4840 2205 7997 0 7502 0 0 6736 0 0 0 0 2263 5810 2772 0 3355 5550 2724 1860 0 0 2123 209 2128 2833 0 6222 0 0 4575 0 0 0 0 0 1477 0 8726 0 9211 9279 2062 9700 0 8115 0 0 0 8094 5410 0 5477 0 0 0 0 0 0 0 0 7281 0 0 3101 7914 9942 0 0 0 0 7913 0 0 8045 2404 0 5664 0 0 0 0 0 0 0 5613 0 0 0 0 0 0 0 0 0 8572 5040 0 0 0
598 6296 9900 0 0 0 0 0 0 0 0 0 5813 1103 9259 0 0 0 8066 0 4593 0 584 0 0 6070 0 0 0 0 5503 0 0 0 9850 0 0 0 0 0 0 0 2403 4704 0 0 0 7751 2312 0 3721 0 6597 0 0 6019 0 0 0 0 0 0 0 7992 47 0 6438 0 0 0 0 0 2707 0 0 0 4746 0 4597 0 0 0 9632 6202 0 0 0 0 5711 0 6843 0 0 6696 0 0 0 5127 0 8812 0 5408 0 2978 1925 4405 0 1685 0 0 5386 0 0 0 0 0 2159 0 7423 3596 0 9163 0 0 0 0 3014 4041 0 922 1494 3665 2588 6987 0 0 0 0 3530 0 0 0 0 0 3014 0 0 0 9547 0
0 0 0 0 0 0 0 926 0 0 0 0 0 383 0 0 177 0 2068 0 7090 0 2080 4081 1055 8008 0 4617 3902 1561 5676 0 0 0 0 0 0 0 0 0 1663 0 0 0 0 0 0 7730 8627 0 0 0 0 0 4616 0 0 879 0 0 3285 0 8773 6035 0 0 0 7556 0 9516 0 1640 0 0 0 0 9108 6873 0 0 4686 0 4441 2214 4554 0 0 3579 9759 0 0 0 2162 7166 3215 0 0 0 0 0 7225 0 6872 7745 0 0 0 0 7613 0 0 8578 2009 0 0 0 0 9005 0 4894 0 0 0 4410 0 605 0 0 0 0 0 0 4041 0 530 0 0 0 6679 1472 7125 0 0 0 0 0 0 0 0 0
0 0 0 0 0 0 0 4881 0 0 5813 0 0 0 7629 9935 0 0 0 0 8130 0 7163 0 0 0 0 3134 0 1190 0 0 0 4719 0 0 0 5370 0 0 0 0 2214 0 0 0 1020 4296 0 0 0 5339 0 3294 0 0 0 0 0 0 0 0 0 0 0 733 0 989 6640 0 0 9181 0 0 7654 4399 2915 0 0 0 0 0 0 0 0 0 0 0 0 7460 0 0 2851 0 0 0 3678 1371 0 5921 0 0 0 0 3188 5596 0 0 0 0 5449 0 0 0 0 0 0 4704 436 0 0 6780 6661 0 4583 0 0 0 0 8158 0 7962 0 0 0 0 2934 0 0 0 0 7886 0 7295 0 0 0 0 0 0
0 2329 0 0 8416 0 1777 1855 0 6518 1103 383 0 0 6219 0 8038 0 0 0 0 0 9935 8791 517 6785 0 0 0 8551 0 3881 0 3567 0 8141 0 0 3437 0 0 9491 9069 4054 0 6080 2731 0 2748 1077 0 0 3685 4775 0 2949 8307 7672 0 0 7698 0 7507 6782 880 0 0 0 0 4649 0 8930 0 770 8724 0 0 5408 8180 6532 6656 0 2619 7111 0 0 3214 2824 920 0 0 7467 0 0 2839 0 0 0 5940 7526 4902 0 0 0 0 0 3796 823 0 0 0 7781 0 0 3902 0 0 0 0 0 0 2907 0 0 0 5513 0 7686 9478 0 9003 0 0 0 3841 0 0 0 9982 0 0 3522 0 0 0 3078 0 0 0 0
0 0 0 0 5843 0 0 7309 6053 0 9259 0 7629 6219 0 1452 1640 0 0 7940 5694 8213 380 0 9899 0 469 6015 0 1999 0 0 0 0 0 0 0 0 7490 0 0 0 0 0 0 3604 0 0 377 0 0 619 5179 0 0 9520 0 0 0 0 0 3275 0 0 857 0 602 0 0 1577 0 0 0 3700 0 0 5497 335 0 9800 0 0 4699 0 4320 4969 0 0 0 2741 0 0 0 0 0 4654 7049 8848 0 3047 0 0 0 0 0 0 0 8568 0 0 0 0 0 6789 0 6131 0 5613 6650 0 0 0 0 0 0 0 0 0 0 0 4263 5544 0 932 0 5307 0 0 0 0 0 3792 0 0 0 0 0 9434 6478 0
0 0 0 0 0 0 0 0 6816 0 0 0 9935 0 1452 0 771 0 9016 9914 1723 0 0 7600 1311 0 0 0 0 0 0 0 868 6535 0 0 86 0 0 0 0 0 0 5670 10 0 0 0 0 0 0 0 0 0 0 5718 0 0 0 6558 0 4069 9907 2904 0 6840 5734 0 9363 9620 5409 0 6447 0 0 0 0 0 0 9048 0 0 0 0 0 7825 5490 7823 0 6631 8347 0 0 0 0 8645 0 6578 0 0 0 0 0 0 1470 1511 7684 0 0 0 4916 0 0 0 0 6006 0 0 8083 3814 9569 236 0 0 0 0 0 0 0 0 0 0 0 0 0 8668 2623 0 0 0 1538 0 4977 0 0 0 0 9700 0 0
3678 4388 3561 9703 3939 115 0 0 3468 1594 0 177 0 8038 1640 771 0 0 0 4104 0 0 0 1428 7687 0 0 8829 7202 5212 0 230 0 4459 0 7036 0 0 5224 8956 0 8839 0 0 0 0 0 6935 0 6288 0 0 0 0 1258 0 3611 0 0 0 9677 5490 4705 1123 0 0 0 6694 0 9247 0 0 0 2636 0 8205 9094 0 0 5696 0 0 0 0 0 0 0 4669 0 5571 4896 0 0 0 8582 6554 0 5905 0 0 0 6422 1766 8980 0 7524 3745 0 0 0 0 0 0 2541 0 0 0 3352 0 6792 0 2309 0 0 0 0 7098 3753 0 0 0 0 0 0 2635 0 0 0 0 7002 0 0 0 0 0 0 0 5220 1941 0
6975 394 4984 953 0 9842 0 1917 0 0 0 0 0 0 0 0 0 0 0 0 0 8274 0 0 2413 0 6165 0 0 0 0 0 0 8604 8587 925 3207 0 0 0 0 3319 0 0 0 0 9720 0 0 0 5481 420 8900 0 0 0 0 1701 4665 8792 0 0 231 1183 0 0 2928 0 9780 6412 0 0 0 8971 0 0 0 7243 0 0 0 0 6177 0 5722 0 0 6391 5834 0 0 0 0 3925 8435 0 0 2757 493 6195 6039 0 294 0 0 8917 0 0 0 0 0 7122 4718 0 0 0 0 0 0 0 6816 3631 0 0 0 0 0 0 0 3030 0 0 2246 2596 0 0 654 0 0 7874 0 0 3660 0 0 9997 0 5783 5016 0
3066 0 0 0 0 1496 1156 9669 0 1498 8066 2068 0 0 0 9016 0 0 0 0 0 7782 7631 0 0 0 0 0 0 0 0 0 0 0 0 0 6710 8591 3407 0 0 0 0 1014 0 0 0 0 0 0 9786 4274 0 0 0 0 0 370 5604 0 5237 4631 4497 0 8791 0 0 0 0 6574 0 0 0 4244 0 837 0 0 0 0 0 0 3252 6563 0 7850 250 0 0 0 5146 8972 0 0 7236 2631 8527 0 0 3392 0 0 0 0 0 0 6556 6524 4432 0 0 5473 9031 4950 0 4007 0 0 0 8880 0 8296 0 0 1516 0 0 3805 0 0 2689 0 0 0 0 0 6525 9641 9525 561 0 2221 0 0 0 0 3295 0 0 0
4659 0 2391 0 5153 0 0 0 5208 6466 0 0 0 0 7940 9914 4104 0 0 0 2374 3679 0 0 3853 0 0 0 3154 0 0 0 0 0 0 0 0 0 0 0 7702 0 0 0 702 0 7283 82 9190 0 0 9451 3172 0 0 0 0 336 0 0 1784 0 0 1684 9779 5351 0 1071 0 0 0 0 0 0 0 0 0 9048 0 0 0 0 0 0 0 0 0 6548 0 0 0 2571 0 0 0 0 827 0 0 9612 0 0 0 0 0 3841 0 0 687 0 0 7296 0 0 4400 0 0 9333 0 0 5557 0 4309 0 0 0 771 0 0 1799 0 0 2244 7346 0 0 7778 0 7519 0 0 0 0 0 4478 0 1825 0 0 0
0 3788 0 0 39 0 0 0 4861 0 4593 7090 8130 0 5694 1723 0 0 0 2374 0 0 0 0 0 0 0 0 0 0 0 0 273 0 5171 0 0 0 0 7157 0 5471 314 7051 0 0 0 0 0 0 0 0 0 0 7109 0 5838 0 0 0 0 0 0 0 0 9560 4644 0 0 0 0 0 0 7062 0 0 0 0 0 8804 0 0 3679 0 0 0 0 0 5134 0 6101 9452 523 0 822 0 8565 1914 0 3951 0 0 0 3789 6567 0 0 9065 0 0 0 0 0 0 1452 0 4906 0 0 0 0 0 0 0 4084 0 0 0 0 0 4330 0 0 0 8892 0 1657 6479 0 0 0 0 0 282 0 7669 9242 0 2587 0
0 0 0 9976 0 6033 0 0 0 0 0 0 0 0 8213 0 0 8274 7782 3679 0 0 0 1320 9303 0 0 0 0 5205 5286 0 0 2776 1307 0 6878 858 0 3616 0 0 0 4734 0 5677 646 0 2029 0 0 0 4761 0 0 0 0 0 0 0 0 3000 0 0 0 0 0 0 4363 0 0 1695 0 0 0 0 0 0 0 0 7090 0 0 0 0 0 3616 0 0 0 0 0 0 0 8107 5535 0 0 0 0 0 0 0 1742 9137 0 0 6062 0 7653 4439 4344 0 0 0 0 2848 0 0 0 0 4360 0 454 480 7441 0 0 0 8058 0 0 2722 8368 0 4286 0 0 9869 0 2644 740 0 0 0 0 0 0 0 0
0 0 0 0 2632 0 0 0 9980 0 584 2080 7163 9935 380 0 0 0 7631 0 0 0 0 3388 0 0 0 6960 8943 0 0 0 9730 4654 0 0 3819 0 0 0 9159 9240 4049 0 0 6439 0 0 0 0 778 0 1592 0 0 606 0 0 6608 0 0 0 5439 6019 0 0 0 0 3691 0 9412 4754 2514 404 0 0 0 0 1317 0 0 1515 3645 0 0 0 0 0 0 6605 24 0 4829 4619 0 0 0 5618 0 0 5011 0 3957 0 0 8697 1969 0 0 0 3284 1358 0 0 0 0 0 0 0 0 0 0 352 192 0 0 0 1815 0 6318 5230 0 0 7015 3296 3647 0 0 7558 0 3178 0 0 4795 4227 0 0 0 2251 0
2790 0 6892 0 4558 3262 0 0 2433 4116 0 4081 0 8791 0 7600 1428 0 0 0 0 1320 3388 0 0 0 3573 700 0 0 0 0 0 5733 0 2940 0 0 0 0 0 5188 0 0 0 0 2452 0 0 0 0 0 0 0 0 0 7180 0 0 0 3587 0 0 9175 0 3934 6931 0 5683 0 0 0 3025 3798 0 8022 0 4179 0 0 0 6510 0 0 5356 1626 0 0 0 0 0 0 0 139 0 8913 0 0 0 0 0 0 0 0 5266 7214 0 4480 8878 0 0 0 0 0 9228 9126 0 0 2289 3381 0 0 0 0 700 0 1484 0 0 0 4499 2908 0 0 7235 0 0 0 0 0 1361 7594 0 5863 871 6313 4518 6035 0 0
0 823 6126 0 0 0 0 0 0 0 0 1055 0 517 9899 1311 7687 2413 0 3853 0 9303 0 0 0 0 0 0 0 0 0 0 0 0 8198 2602 0 0 6316 0 0 1786 1707 0 8885 0 0 0 0 8252 0 9218 0 0 3848 4271 0 968 2289 0 0 0 0 0 0 6153 7732 0 6252 0 0 0 0 3632 0 3220 6043 4273 9218 0 6859 0 6131 0 0 0 0 0 7304 0 1730 7547 0 0 7173 0 0 0 0 9454 3810 4326 6267 0 0 0 0 1912 0 0 0 5085 6740 6600 2264 0 0 8312 0 341 928 0 0 0 0 6742 0 0 0 0 0 3240 3028 927 0 0 9233 0 0 0 6591 3244 928 6272 0 215 1025 3302 1221 0
8741 0 0 0 0 0 0 0 0 0 6070 8008 0 6785 0 0 0 0 0 0 0 0 0 0 0 0 3758 6963 0 8648 9222 0 0 1371 0 0 0 8483 5342 892 8527 0 0 0 0 3338 0 0 0 3957 0 3494 76 0 163 0 0 0 0 0 0 0 486 0 0 8071 283 0 4131 6384 0 0 0 6335 0 0 0 0 0 0 0 0 0 6324 0 1019 0 0 3673 0 0 0 0 0 6585 0 1622 0 0 8865 0 4780 0 0 9684 0 0 0 0 453 0 0 2699 0 0 0 0 0 7926 1585 5911 7175 9620 848 1390 9065 0 0 0 0 0 6592 0 0 563 0 0 1428 0 0 4855 5767 0 8835 0 0 0 0 4552 0
0 0 1683 0 0 6848 6621 0 7720 0 0 0 0 0 469 0 0 6165 0 0 0 0 0 3573 0 3758 0 0 5928 0 1439 574 1363 0 0 0 0 1558 0 0 0 9173 0 0 0 0 0 5878 0 0 0 0 0 0 0 0 0 4784 0 8622 0 0 0 0 0 0 65 0 0 6878 3233 0 6835 0 0 4649 7423 306 4611 0 0 1714 0 0 0 0 0 7448 0 4913 0 4128 0 1702 4734 0 0 0 0 0 4421 0 9427 0 0 0 0 0 0 0 7234 0 0 0 0 3061 0 1476 1646 8924 8623 0 8607 0 0 6947 0 1903 0 7557 7878 0 0 3223 2458 0 0 0 0 0 0 9638 0 3482 3711 0 0 6676 818 0
9762 4605 0 0 6670 3904 0 3443 0 0 0 4617 3134 0 6015 0 8829 0 0 0 0 0 6960 700 0 6963 0 0 0 0 9480 5127 0 8407 5084 0 0 636 8748 4242 1771 3200 0 0 0 5922 0 0 0 0 0 0 0 7512 9133 8334 0 0 4926 4386 0 0 1789 9477 0 8836 0 4883 8661 0 0 7581 0 2392 4571 1138 0 0 0 2829 9628 0 0 9278 0 0 2927 9393 0 0 0 0 0 757 6347 0 8846 0 0 0 6422 0 865 0 6869 0 0 0 0 6172 1335 5571 0 4222 0 0 0 0 2505 0 0 0 4623 1375 152 0 2466 0 8078 7024 0 0 0 0 0 0 5332 3493 1435 3033 0 0 2624 6862 9055 0 0 6610 5591 0
8271 0 0 0 0 4146 0 0 1010 0 0 3902 0 0 0 0 7202 0 0 3154 0 0 8943 0 0 0 5928 0 0 0 0 0 6949 1475 0 0 0 2953 2673 0 9457 0 0 0 8721 4923 0 9870 0 0 8822 0 0 0 0 0 222 0 8646 4910 785 0 0 0 9041 3432 0 9966 0 0 0 0 0 0 6206 0 9773 0 2827 0 0 6089 0 0 0 0 0 0 0 0 0 0 0 0 9305 0 0 0 0 9751 0 0 0 0 3581 0 0 0 0 0 0 4892 8304 9600 3324 0 7448 0 5216 6943 2827 0 0 1291 0 0 0 0 0 5707 0 0 0 0 8738 0 699 0 0 0 0 0 0 0 0 0 0 795 4469 0
1435 5668 9621 8651 0 0 7230 0 0 0 0 1561 1190 8551 1999 0 5212 0 0 0 0 5205 0 0 0 8648 0 0 0 0 0 0 0 3279 8131 1492 4330 8018 0 0 0 3919 0 0 0 6783 0 0 0 0 0 0 0 1369 0 0 0 0 3504 0 5010 0 604 0 2186 4797 0 0 0 1496 0 0 8769 0 0 1991 9821 6287 7493 0 0 0 8737 0 409 0 0 0 9010 0 6554 0 0 4862 900 0 3776 0 0 3037 974 0 0 0 0 0 5841 0 3728 0 0 669 0 6538 0 3989 1158 0 0 0 0 8464 7940 0 0 0 0 0 8849 1225 4886 0 4013 0 0 0 0 5310 0 0 0 0 6278 582 4454 3583 0 0 8565 0
5928 0 0 0 0 0 5226 0 0 0 5503 5676 0 0 0 0 0 0 0 0 0 5286 0 0 0 9222 1439 9480 0 0 0 0 9357 2490 6444 0 0 0 0 0 0 0 0 5874 0 0 0 5055 3772 3893 3817 1356 5535 0 4238 2850 0 0 0 1812 0 7626 0 0 0 8363 0 0 1963 9382 0 0 0 2214 8584 0 0 0 0 0 8275 0 0 0 0 0 0 0 4910 8348 0 0 0 0 7562 0 2435 0 4021 359 3034 0 0 3349 0 0 8422 0 3569 0 0 5384 0 0 0 0 0 0 772 8367 0 0 5758 9098 0 0 4230 0 0 0 0 0 0 0 3802 6471 0 0 0 0 0 0 8888 0 121 0 0 0 0 0
6505 5825 0 6555 0 6798 0 1236 1409 0 0 0 0 3881 0 0 230 0 0 0 0 0 0 0 0 0 574 5127 0 0 0 0 4843 4525 0 0 6550 2603 0 0 0 1467 0 0 0 0 0 0 0 0 0 0 7896 0 3962 0 0 47 0 6033 0 9607 0 1733 0 7944 6735 0 5954 0 0 0 0 0 9515 0 0 0 0 658 0 0 0 2586 0 0 0 8017 0 0 0 1446 0 0 202 0 0 2414 0 0 0 0 0 0 7254 0 4220 0 0 7662 9058 6503 6411 9347 0 0 0 0 0 0 0 0 0 0 0 0 0 0 493 1823 0 0 0 0 4071 9179 0 0 9506 0 0 0 942 0 0 0 6503 5471 0 0
0 0 0 0 0 1297 0 0 1810 0 0 0 0 0 0 868 0 0 0 0 273 0 9730 0 0 0 1363 0 6949 0 9357 4843 0 0 5178 0 0 0 0 0 0 0 5759 459 0 0 2445 7726 0 3022 979 0 0 0 0 0 0 2563 0 1106 0 0 4261 0 1414 8619 9994 0 0 0 0 5589 0 8349 0 5179 5450 0 0 1571 0 0 0 9619 533 9581 0 0 9791 1836 0 1712 0 7166 0 0 0 0 0 0 0 0 0 0 1472 0 0 0 0 2487 7689 8823 0 0 6321 0 0 0 0 4952 7291 425 0 0 0 0 0 0 0 0 6506 1242 0 4716 7038 6767 0 9396 0 0 8488 9407 6991 0 0 8502 0 0 0 0
5927 0 0 0 5796 0 7465 0 4058 0 0 0 4719 3567 0 6535 4459 8604 0 0 0 2776 4654 5733 0 1371 0 8407 1475 3279 2490 4525 0 0 0 999 0 2444 0 0 3514 0 0 0 7814 0 6876 0 0 0 3182 0 0 0 0 0 0 0 0 0 2960 0 0 6228 0 0 0 0 6268 0 0 0 0 0 9169 6254 0 5657 0 0 0 0 0 513 0 3760 0 0 0 0 5179 1156 0 0 5689 0 0 0 0 0 0 0 0 0 0 1605 0 7323 0 0 9891 0 0 0 0 1936 0 3435 8123 2038 0 0 672 452 0 0 0 578 96 0 23 0 0 5630 0 0 0 0 0 0 0 0 0 5495 0 4080 0 0 0 0
0 0 0 0 8557 0 3367 0 0 0 9850 0 0 0 0 0 0 8587 0 0 5171 1307 0 0 8198 0 0 5084 0 8131 6444 0 5178 0 0 3142 0 0 0 2977 0 0 0 3806 5636 0 0 0 2156 791 0 0 4605 0 7109 9884 0 0 0 0 0 0 1766 0 0 0 0 8094 0 0 0 2431 0 0 0 0 9120 0 7024 4902 0 438 7533 0 9457 0 0 0 0 6685 3113 7318 220 8182 0 0 4883 0 0 0 1389 0 0 0 0 0 0 0 2391 9070 9014 715 0 0 42 3142 0 0 0 0 0 7707 0 6880 0 0 8095 0 0 5101 0 0 0 8780 0 3317 0 0 7405 0 0 739 3156 0 0 3105 0 1511 0 0
0 2571 4302 0 0 0 5663 0 0 0 0 0 0 8141 0 0 7036 925 0 0 0 0 0 2940 2602 0 0 0 0 1492 0 0 0 999 3142 0 1091 0 0 0 0 0 2753 4096 0 0 0 372 6268 0 0 0 3778 0 8052 0 0 0 0 0 7880 4708 0 0 0 0 0 0 0 0 9009 0 0 0 431 0 9576 9883 8011 0 0 8708 0 2017 0 0 3109 5383 1845 0 2502 0 0 0 0 939 0 0 1024 0 1110 0 2545 0 7826 0 0 0 8528 0 0 0 9760 0 9628 0 0 0 0 0 0 0 0 0 2775 0 6486 0 0 6127 9872 0 0 6564 0 1928 0 0 0 0 9674 7885 0 9179 0 0 935 0 0 0
9981 0 5771 1817 249 0 9299 0 0 0 0 0 0 0 0 86 0 3207 6710 0 0 6878 3819 0 0 0 0 0 0 4330 0 6550 0 0 0 1091 0 0 30 0 0 8268 5862 0 0 0 0 4859 7642 0 0 0 0 0 3559 0 0 0 0 2347 0 4979 0 0 0 8561 99 0 1379 5738 0 0 688 0 0 0 0 7557 9165 0 0 0 0 0 7594 2040 5372 0 0 0 0 6075 0 6279 0 0 0 0 5504 7254 0 0 0 0 999 0 0 0 3178 5503 0 3214 8332 0 0 0 7153 0 609 4757 3041 0 0 6503 0 6620 6810 0 5075 6877 0 0 2148 9318 0 0 1883 0 0 0 0 0 0 4191 0 0 3825 7711 0 0
0 0 4741 0 0 865 0 4751 4348 8512 0 0 5370 0 0 0 0 0 8591 0 0 858 0 0 0 8483 1558 636 2953 8018 0 2603 0 2444 0 0 0 0 302 0 2055 0 3861 0 4334 0 0 6859 0 6892 0 0 0 0 5324 9793 9502 0 6632 8372 0 0 0 0 4748 4027 0 0 0 2400 0 3108 0 0 0 9 3497 7334 0 0 7995 0 0 2188 4751 8568 2260 0 2550 2072 0 0 1192 8498 1644 4471 1930 7686 0 9056 0 0 2081 0 0 0 877 0 0 0 8853 8995 0 0 4837 0 0 0 0 0 1044 0 4431 0 0 8053 0 0 0 0 0 0 5154 8482 0 0 0 9679 4871 6452 0 0 6188 0 5779 0 0 0 0 0
0 0 0 0 0 0 0 0 3655 4063 0 0 0 3437 7490 0 5224 0 3407 0 0 0 0 0 6316 5342 0 8748 2673 0 0 0 0 0 0 0 30 302 0 0 0 0 0 5606 0 0 4588 8650 6098 3178 0 0 0 0 0 4077 0 0 0 4430 3227 0 9914 0 0 8002 8007 0 0 5695 4199 8632 0 0 0 0 6924 880 0 0 0 0 2451 0 9135 0 9948 0 0 0 8012 875 0 0 0 8780 8823 0 0 0 0 0 8884 6993 0 0 643 5229 0 0 0 7911 1124 0 9484 1308 0 8618 0 5176 0 0 0 5164 0 0 0 7200 0 1409 0 0 1938 0 0 7545 8281 444 495 0 6329 0 0 1 0 0 0 0 2140 0
0 0 0 0 0 0 0 0 291 0 0 0 0 0 0 0 8956 0 0 0 7157 3616 0 0 0 892 0 4242 0 0 0 0 0 0 2977 0 0 0 0 0 7942 0 0 0 0 5698 0 0 1565 7628 0 3270 0 6907 0 0 0 9478 0 0 6098 0 5327 0 4712 2419 4644 0 7553 9339 0 0 0 8039 7026 0 7666 9813 0 0 0 0 0 1908 0 5348 0 0 4183 8444 2911 0 0 2121 0 0 0 0 0 9351 8715 5010 6736 0 0 9694 9592 0 0 0 0 0 0 4137 0 0 0 7579 0 0 0 0 0 0 0 0 0 6609 0 0 0 6778 6667 6655 7575 0 2408 0 4368 0 0 3381 7414 1115 0 6668 0 3697 0 0
0 0 0 0 0 0 0 0 6448 8603 0 1663 0 0 0 0 0 0 0 7702 0 0 9159 0 0 8527 0 1771 9457 0 0 0 0 3514 0 0 0 2055 0 7942 0 0 5297 7541 0 2543 7992 0 0 0 0 7800 595 4506 6952 4621 0 0 0 0 0 0 0 0 0 0 4623 0 0 0 1573 0 0 0 0 0 0 7770 8909 0 4640 6707 0 4043 8324 0 0 5818 2122 0 0 181 8056 7556 0 0 0 6696 2423 450 0 0 0 0 0 5248 0 0 4938 0 0 0 0 731 4759 0 0 0 0 5364 3867 0 8955 0 0 0 0 0 2695 6731 8308 0 1297 1854 3319 4004 5189 5291 0 7381 4538 0 0 7030 155 8006 0 0 1059 0
2957 0 8594 0 0 3911 0 0 9982 0 0 0 0 9491 0 0 8839 3319 0 0 5471 0 9240 5188 1786 0 9173 3200 0 3919 0 1467 0 0 0 0 8268 0 0 0 0 0 0 0 0 9558 2119 289 0 7544 0 3696 228 0 0 0 1405 1801 9209 1241 0 0 6868 9908 0 0 0 161 430 8936 8289 0 9335 0 0 0 0 0 0 0 0 0 3699 2712 0 4555 0 0 6277 9799 0 0 5461 3813 0 0 2265 0 0 20 9512 9554 0 0 0 8693 71 0 5795 4293 0 0 0 0 0 0 0 3489 3899 5437 0 0 0 0 6363 8135 0 1606 0 1941 0 0 0 0 0 0 0 0 0 0 0 0 0 2879 9628 0 0 1936 0 0
0 0 0 0 8047 9439 0 0 1439 0 2403 0 2214 9069 0 0 0 0 0 0 314 0 4049 0 1707 0 0 0 0 0 0 0 5759 0 0 2753 5862 3861 0 0 5297 0 0 0 0 8123 0 3561 0 121 0 7056 0 0 0 0 8040 2270 9779 7472 0 0 60 9421 1181 0 0 0 0 0 4684 0 1354 7705 0 0 0 0 0 5836 2367 0 9576 0 4591 643 0 1496 0 3283 2999 0 4335 0 1535 8111 2812 9398 7444 1712 0 3251 7152 0 0 6562 3368 0 6141 0 0 0 0 0 0 2147 0 8301 0 0 0 0 0 5464 0 0 0 4487 1000 7323 9451 0 0 0 0 8430 7032 0 0 1145 2081 5836 5282 0 0 0 0 0 0 0
0 8785 0 1870 0 0 0 0 0 0 4704 0 0 4054 0 5670 0 0 1014 0 7051 4734 0 0 0 0 0 0 0 0 5874 0 459 0 3806 4096 0 0 5606 0 7541 0 0 0 2680 8570 1909 0 0 8489 5336 0 4782 1637 8646 0 0 0 0 4055 0 2091 0 3478 3930 4934 0 0 346 8867 3660 0 0 0 0 0 7079 0 7867 0 0 0 7731 3690 0 0 0 0 0 0 0 0 0 4221 0 0 0 6373 0 160 0 3666 0 0 677 0 3646 0 0 1985 0 4976 3097 0 1382 0 0 0 0 0 0 0 2172 0 0 0 0 0 3081 0 5079 5029 7438 6116 0 3474 0 0 7495 4954 384 3129 0 9548 700 0 0 3307 0 0
4952 0 0 0 2646 0 0 0 0 0 0 0 0 0 0 10 0 0 0 702 0 0 0 0 8885 0 0 0 8721 0 0 0 0 7814 5636 0 0 4334 0 0 0 0 0 2680 0 0 0 5967 0 3313 0 0 3582 4489 0 2150 1612 637 0 5236 92 0 0 3040 0 0 0 0 0 0 0 0 0 0 0 0 0 5944 1975 0 3930 0 0 1770 6457 0 0 0 0 9966 9732 5452 2466 0 0 0 0 0 0 0 0 0 0 4790 0 0 0 6390 391 0 8726 0 0 5962 0 0 0 0 0 4277 8809 586 0 0 0 4836 0 1758 0 0 9633 366 8776 508 0 0 0 8229 7728 5417 0 1438 0 0 4460 0 0 7785 3961 0
5732 0 0 1186 0 0 0 0 9860 6777 0 0 0 6080 3604 0 0 0 0 0 0 5677 6439 0 0 3338 0 5922 4923 6783 0 0 0 0 0 0 0 0 0 5698 2543 9558 8123 8570 0 0 0 0 0 6920 0 0 1590 0 0 0 0 0 0 0 2230 0 0 0 5992 524 2527 4915 0 0 5829 0 0 6918 1087 0 0 0 5056 0 7643 1920 0 0 0 0 7869 0 0 0 2685 5630 699 707 3208 0 3773 0 0 6303 7150 0 7197 5427 5120 0 3614 0 0 0 0 0 0 7148 0 0 4549 6866 0 0 0 0 6564 0 241 0 0 0 977 3677 0 4674 0 3591 0 0 5766 8538 0 0 0 0 3363 0 415 4075 0 788 9705 0
3387 0 0 0 0 2818 0 0 8650 3391 0 0 1020 2731 0 0 0 9720 0 7283 0 646 0 2452 0 0 0 0 0 0 0 0 2445 6876 0 0 0 0 4588 0 7992 2119 0 1909 0 0 0 5513 7065 0 0 0 0 4738 8596 0 1823 4740 0 0 0 0 4210 1550 0 0 0 0 0 0 0 0 0 0 0 7658 0 0 0 0 3050 7373 7911 1902 3407 874 7414 4367 0 6290 0 5953 0 0 0 0 7300 2804 1416 2076 0 0 0 0 7621 0 4002 5904 0 5431 0 0 0 2002 836 3849 0 0 2615 0 0 0 0 3966 0 0 1275 6284 6267 1490 0 3533 0 2412 4872 6670 4664 0 0 0 0 6048 6068 751 4003 0 2314 5797 0 0
0 0 0 9376 0 0 0 8711 0 0 7751 7730 4296 0 0 0 6935 0 0 82 0 0 0 0 0 0 5878 0 9870 0 5055 0 7726 0 0 372 4859 6859 8650 0 0 289 3561 0 5967 0 5513 0 1787 121 0 9183 9124 0 8994 0 6200 5071 0 0 0 0 0 7991 0 5678 0 8240 9674 5155 89 8740 0 0 506 0 0 4178 0 0 0 8663 3779 0 0 4337 0 335 8517 2953 3319 6731 0 9805 0 1804 0 5349 0 0 0 0 0 1842 7268 0 0 7214 0 0 0 2027 0 4815 8607 8181 8684 0 0 4899 0 0 0 0 0 0 4512 0 0 7841 3025 0 0 0 0 1382 9186 385 0 9744 1611 0 4445 0 4872 0 7459 0 5506 0
0 0 2126 0 0 0 4764 0 6525 0 2312 8627 0 2748 377 0 0 0 0 9190 0 2029 0 0 0 0 0 0 0 0 3772 0 0 0 2156 6268 7642 0 6098 1565 0 0 0 0 0 0 7065 1787 0 3784 0 0 0 1552 3419 9777 6319 0 0 0 0 2652 6378 0 0 0 0 7229 0 0 8042 3726 8423 5223 0 9652 0 0 3494 0 7341 9365 0 0 0 9730 7622 0 0 3312 0 4178 0 0 0 0 0 0 0 0 0 0 0 2440 3283 0 3596 8083 1499 1937 0 0 8074 3491 6760 0 0 8856 5165 2834 0 0 0 0 0 0 0 0 0 9300 8004 3493 0 0 270 0 3275 0 0 0 7478 0 0 742 4884 0 1817 0 0 0
0 6216 0 2737 1699 0 0 8695 0 2027 0 0 0 1077 0 0 6288 0 0 0 0 0 0 0 8252 3957 0 0 0 0 3893 0 3022 0 791 0 0 6892 3178 7628 0 7544 121 8489 3313 6920 0 121 3784 0 3891 0 7856 7975 6504 8211 1595 6832 0 0 513 8087 0 6983 0 1302 5100 0 0 6791 0 5974 0 0 2004 0 855 6131 0 8321 0 0 9842 0 7529 0 0 4812 0 4648 0 6671 9223 8336 3586 5212 0 0 0 7954 0 0 477 481 2019 4008 0 9103 0 0 8127 0 929 1253 7637 0 0 1169 0 0 0 9080 0 0 5524 7872 0 447 0 662 0 0 0 0 0 0 0 6382 7098 0 4050 0 0 0 0 0 3883 0 2588 0
0 0 8164 4206 1405 0 0 0 9646 4840 3721 0 0 0 0 0 0 5481 9786 0 0 0 778 0 0 0 0 0 8822 0 3817 0 979 3182 0 0 0 0 0 0 0 0 0 5336 0 0 0 0 0 3891 0 0 0 0 3786 7005 0 0 0 7816 0 6643 0 9830 7085 8539 5544 0 0 0 0 0 0 0 5666 0 0 0 935 4289 0 0 2734 0 4884 5783 5717 5484 5672 6369 6797 0 3113 5688 0 0 0 0 6759 2486 0 0 0 0 3223 0 0 5038 0 5673 0 0 6189 4492 99 0 0 6365 0 0 0 0 6435 0 0 43 0 0 0 1038 0 0 1700 0 0 0 3373 0 9319 0 0 7171 0 0 4880 1963 0 2681 2561 0
0 0 4391 0 5914 0 1188 5126 0 2205 0 0 5339 0 619 0 0 420 4274 9451 0 0 0 0 9218 3494 0 0 0 0 1356 0 0 0 0 0 0 0 0 3270 7800 3696 7056 0 0 0 0 9183 0 0 0 0 0 0 7867 0 0 3810 0 7567 7472 5881 8566 0 0 0 4196 7829 0 8659 0 0 5407 9110 0 1148 0 0 0 0 8190 0 1272 246 0 0 3255 0 9245 0 2815 0 9894 765 0 9153 0 2131 2826 6688 0 3654 0 0 0 0 0 0 0 4375 0 0 6073 0 0 0 0 0 0 0 8042 8134 0 0 2145 0 0 0 0 0 8012 2926 0 0 0 0 0 0 0 0 0 0 0 2641 3293 3140 7303 750 0 0
0 0 0 0 0 4001 7148 0 2000 7997 6597 0 0 3685 5179 0 0 8900 0 3172 0 4761 1592 0 0 76 0 0 0 0 5535 7896 0 0 4605 3778 0 0 0 0 595 228 0 4782 3582 1590 0 9124 0 7856 0 0 0 0 6986 0 0 2901 2654 9671 4712 1398 0 1036 2019 3285 8512 0 0 0 0 0 4815 0 0 3117 0 8149 7962 0 0 0 0 5207 6117 4314 0 3592 0 0 0 0 0 0 8977 0 0 1210 6969 6030 0 0 0 3428 0 0 0 0 0 0 9420 0 2174 4523 5627 0 9695 0 0 3915 0 0 5793 919 0 0 0 0 0 0 0 0 9672 0 2713 0 0 9746 4943 2157 8469 0 0 4088 0 0 0 0 0 0
0 7516 0 0 1935 338 0 0 4412 0 0 0 3294 4775 0 0 0 0 0 0 0 0 0 0 0 0 0 7512 0 1369 0 0 0 0 0 0 0 0 0 6907 4506 0 0 1637 4489 0 4738 0 1552 7975 0 0 0 0 0 192 4332 0 6133 0 2188 0 0 0 4249 0 0 0 0 0 2122 2608 3013 0 5703 0 694 2276 0 0 0 2446 4626 8230 9522 994 0 6616 4166 0 0 3346 8558 1356 0 0 0 0 0 0 8740 0 0 0 0 3384 8617 6996 0 0 0 0 0 6395 536 0 1369 0 0 3469 6783 2667 0 0 0 0 5566 4307 0 858 0 0 4971 2564 0 1361 0 728 0 3322 84 0 6568 5620 0 4274 4408 9154 8927 0
9887 7753 0 7257 0 0 0 6377 0 7502 0 4616 0 0 0 0 1258 0 0 0 7109 0 0 0 3848 163 0 9133 0 0 4238 3962 0 0 7109 8052 3559 5324 0 0 6952 0 0 8646 0 0 8596 8994 3419 6504 3786 7867 6986 0 0 8875 0 8814 2408 0 0 0 0 7434 6947 5544 2618 6085 7655 5502 0 8496 5676 7150 7937 0 0 8179 4845 0 981 0 0 0 42 2055 0 0 0 0 6683 0 0 7520 0 3015 0 0 8196 8396 0 0 717 0 0 0 3484 9439 0 7271 0 383 8688 0 0 6110 0 0 9818 9761 0 0 8726 0 0 0 1362 0 0 3239 1626 0 357 0 0 6030 8293 0 0 9017 7450 0 0 4949 0 2426 5273 0 3907 0
0 0 0 0 0 0 0 4825 1509 0 6019 0 0 2949 9520 5718 0 0 0 0 0 0 606 0 4271 0 0 8334 0 0 2850 0 0 0 9884 0 0 9793 4077 0 4621 0 0 0 2150 0 0 0 9777 8211 7005 0 0 192 8875 0 0 1971 0 0 0 7996 0 0 2989 0 0 8631 0 0 0 0 7823 9697 0 0 9125 8654 0 0 0 8279 0 5106 0 0 0 5785 6792 0 9644 0 8068 4667 1310 6447 0 2372 0 0 0 0 0 0 6962 0 0 0 0 5491 0 0 3391 3959 0 8932 0 0 0 0 990 1042 0 0 5679 0 0 199 0 5112 0 0 1448 0 2103 0 355 4868 0 3011 0 6055 0 0 0 0 3932 0 0 0
0 0 0 0 0 7189 0 0 8492 0 0 0 0 8307 0 0 3611 0 0 0 5838 0 0 7180 0 0 0 0 222 0 0 0 0 0 0 0 0 9502 0 0 0 1405 8040 0 1612 0 1823 6200 6319 1595 0 0 0 4332 0 0 0 1509 0 0 0 0 0 4297 6827 8325 0 6950 9891 4909 5491 0 0 0 3813 8896 5769 0 4010 0 4812 2790 1993 0 2842 1357 6881 2548 4161 8684 7764 0 0 0 2676 6379 0 0 0 8044 0 0 0 0 0 0 4901 0 6951 2240 3155 1823 0 2580 0 5547 0 5594 7481 8820 0 0 1195 0 700 7642 2592 0 0 0 0 1510 4237 0 0 2393 0 0 8690 0 0 3242 0 0 0 5695 9978 4600 0 0
0 7027 0 0 0 3344 0 0 0 6736 0 879 0 7672 0 0 0 1701 370 336 0 0 0 0 968 0 4784 0 0 0 0 47 2563 0 0 0 0 0 0 9478 0 1801 2270 0 637 0 4740 5071 0 6832 0 3810 2901 0 8814 1971 1509 0 8782 0 2217 9608 5964 0 0 0 6236 107 0 0 3119 0 5750 5951 0 9510 0 0 1241 0 0 0 7061 4748 0 4614 0 0 0 0 5645 3263 0 0 2094 554 7962 1217 6349 8758 0 2735 2066 2343 1141 0 363 0 0 0 0 0 0 0 423 3987 5453 8786 9074 291 5640 1567 0 0 0 6437 4863 0 1127 8843 1941 7054 0 0 0 6898 0 6263 0 0 2276 6690 8374 5332 8167 0 0 0 2992 0
0 1885 0 0 6243 0 0 7114 678 0 0 0 0 0 0 0 0 4665 5604 0 0 0 6608 0 2289 0 0 4926 8646 3504 0 0 0 0 0 0 0 6632 0 0 0 9209 9779 0 0 0 0 0 0 0 0 0 2654 6133 2408 0 0 8782 0 1706 8991 9838 6219 0 1751 4085 0 0 2634 7473 0 0 6390 0 4593 9249 3574 1559 0 6894 6660 0 0 873 0 0 0 0 2760 0 0 5093 0 5672 0 0 0 6678 0 5523 0 1346 0 7994 0 0 0 0 0 8895 2645 6291 6456 0 0 0 0 0 0 4606 0 4820 5777 8600 5496 6261 0 7269 5219 860 0 9820 0 7454 243 0 0 0 0 2486 0 797 0 2298 8932 3157 0 0 9527 0
1977 0 0 5862 0 0 3461 0 7620 0 0 0 0 0 0 6558 0 8792 0 0 0 0 0 0 0 0 8622 4386 4910 0 1812 6033 1106 0 0 0 2347 8372 4430 0 0 1241 7472 4055 5236 0 0 0 0 0 7816 7567 9671 0 0 0 0 0 1706 0 0 0 0 0 7151 8509 4450 5958 6278 4609 0 0 0 9106 0 7967 0 0 0 0 0 7593 2017 0 2077 0 0 2155 0 0 0 0 0 0 0 0 0 0 8312 0 0 0 0 0 0 0 4167 0 7199 0 0 0 1503 1915 0 0 0 0 3218 0 0 1899 3770 321 1961 0 0 0 0 0 0 0 0 305 3451 5224 0 0 2782 2841 0 1948 0 6487 1085 4293 0 7108 6559 0
7840 8989 8727 0 3029 0 0 0 6226 0 0 3285 0 7698 0 0 9677 0 5237 1784 0 0 0 3587 0 0 0 0 785 5010 0 0 0 2960 0 7880 0 0 3227 6098 0 0 0 0 92 2230 0 0 0 513 0 7472 4712 2188 0 0 0 2217 8991 0 0 9364 2898 3221 8476 8712 0 0 0 0 0 0 0 5139 0 8246 0 2165 0 0 3701 7586 0 0 6596 0 9030 2182 145 0 2079 0 968 6963 7911 9986 0 1799 9228 0 0 0 3186 0 529 9915 644 0 0 0 0 0 0 3316 0 6749 5647 1555 6475 0 30 0 238 7427 5382 8204 738 0 0 0 8276 0 8335 0 0 3398 929 0 0 46 1267 0 3400 0 7857 5757 4044 0 2443 0
6892 0 0 0 0 0 0 0 0 0 0 0 0 0 3275 4069 5490 0 4631 0 0 3000 0 0 0 0 0 0 0 0 7626 9607 0 0 0 4708 4979 0 0 0 0 0 0 2091 0 0 0 0 2652 8087 6643 5881 1398 0 0 7996 0 9608 9838 0 9364 0 7090 7341 1917 0 0 0 0 551 0 0 297 0 6419 1300 8232 6071 0 0 999 1860 7380 0 818 5325 4400 7934 1006 6307 5507 766 0 1085 4205 4034 2407 0 0 7642 4343 4100 0 0 5870 6799 0 2951 0 0 0 1445 0 9533 1180 943 0 3221 0 0 0 0 0 0 0 2635 8374 6088 0 6656 0 7692 0 0 0 0 0 0 0 0 0 0 5911 0 5928 0 451 0 6573 0
0 7629 0 1753 901 965 0 4354 0 2263 0 8773 0 7507 0 9907 4705 231 4497 0 0 0 5439 0 0 486 0 1789 0 604 0 0 4261 0 1766 0 0 0 9914 5327 0 6868 60 0 0 0 4210 0 6378 0 0 8566 0 0 0 0 0 5964 6219 0 2898 7090 0 5006 7251 1078 9280 0 2446 0 0 9856 0 7540 5682 7996 0 0 4122 4587 0 0 6888 4364 5814 0 2486 1101 8253 2054 9076 0 0 0 9570 2132 8955 1820 6046 7841 1019 0 0 2682 6752 7110 3036 2916 1550 0 0 0 0 2471 0 2325 0 0 8516 0 0 6799 3512 632 1026 0 0 0 2965 5198 0 0 6303 5409 4980 9332 4184 6155 7988 9485 0 0 0 78 0 0 4583 2375 0 0
6288 0 0 642 0 0 0 9513 0 5810 7992 6035 0 6782 0 2904 1123 1183 0 1684 0 0 6019 9175 0 0 0 9477 0 0 0 1733 0 6228 0 0 0 0 0 0 0 9908 9421 3478 3040 0 1550 7991 0 6983 9830 0 1036 0 7434 0 4297 0 0 0 3221 7341 5006 0 9536 0 0 0 0 5421 944 0 6430 690 3239 7971 0 0 1662 8410 0 0 0 0 8423 846 7622 1245 1694 0 1813 1592 4343 886 7416 0 8859 1942 0 4521 3960 815 6866 0 2755 0 7955 0 3182 0 0 8164 635 6192 9418 0 0 7096 9738 6548 3561 0 0 619 3399 0 0 0 0 0 0 1452 0 0 0 4377 9196 0 0 0 0 0 2511 6107 0 777 9083 0 0 0
0 0 0 0 0 0 9350 0 0 2772 47 0 0 880 857 0 0 0 8791 9779 0 0 0 0 0 0 0 0 9041 2186 0 0 1414 0 0 0 0 4748 0 4712 0 0 1181 3930 0 5992 0 0 0 0 7085 0 2019 4249 6947 2989 6827 0 1751 7151 8476 1917 7251 9536 0 9793 0 0 0 8960 0 9533 4832 6103 212 0 1671 0 6538 0 0 7331 0 0 0 4792 0 6087 0 5853 0 4852 0 0 0 0 0 0 5193 3132 525 0 0 0 8 1425 0 2890 8300 9660 0 5750 0 7394 0 0 0 0 8909 0 0 0 0 0 0 7462 7992 9615 3107 7639 0 586 414 0 0 3197 0 0 0 0 0 9973 0 0 8835 0 4119 1524 0 0
1612 0 7993 0 7029 2950 0 1727 8266 0 0 0 733 0 0 6840 0 0 0 5351 9560 0 0 3934 6153 8071 0 8836 3432 4797 8363 7944 8619 0 0 0 8561 4027 8002 2419 0 0 0 4934 0 524 0 5678 0 1302 8539 0 3285 0 5544 0 8325 0 4085 8509 8712 0 1078 0 9793 0 0 0 4401 0 1746 0 5920 0 8122 0 4290 0 0 0 0 0 6822 5057 279 7005 4341 8735 7745 0 0 8896 3989 0 0 5613 0 0 1438 0 0 0 7548 0 0 9046 0 9734 7626 0 0 0 0 4521 0 977 9159 3726 0 8999 8672 0 3663 0 6354 0 2809 62 0 8208 0 0 298 0 0 0 0 0 0 5965 8343 0 4215 8091 0 4400 5425 0 8987 0
0 0 0 0 0 5260 0 0 6628 3355 6438 0 0 0 602 5734 0 2928 0 0 4644 0 0 6931 7732 283 65 0 0 0 0 6735 9994 0 0 0 99 0 8007 4644 4623 0 0 0 0 2527 0 0 0 5100 5544 4196 8512 0 2618 0 0 6236 0 4450 0 0 9280 0 0 0 0 0 0 0 5100 2994 9 0 0 538 0 0 0 3898 4564 0 0 0 0 2363 6006 0 1566 0 0 8807 5913 0 9782 0 9256 0 5360 4880 1565 0 0 5125 0 0 0 0 1512 2289 4562 6537 3643 0 768 0 0 235 7958 4109 936 0 2730 2058 0 0 0 9721 0 8181 0 0 0 9625 1632 0 8320 0 0 0 1325 0 0 0 7398 0 4957 3388 0 0
9606 0 0 8212 0 0 0 0 1054 5550 0 7556 989 0 0 0 6694 0 0 1071 0 0 0 0 0 0 0 4883 9966 0 0 0 0 0 8094 0 0 0 0 0 0 161 0 0 0 4915 0 8240 7229 0 0 7829 0 0 6085 8631 6950 107 0 5958 0 0 0 0 0 0 0 0 0 0 6504 1852 4882 0 4966 6357 0 7056 0 3200 8771 1016 1425 0 4606 0 5094 0 0 8456 0 4300 0 0 0 0 0 0 0 0 0 3994 3847 0 5623 1362 9087 0 4396 2502 3779 0 4132 0 0 2080 0 5785 0 2749 0 4692 1954 0 0 0 7058 8110 5069 0 0 1126 6826 7123 0 0 5821 0 0 0 6622 0 6167 0 0 361 0 1418 0 0
0 0 0 0 0 6431 0 1139 0 2724 0 0 6640 0 0 9363 0 9780 0 0 0 4363 3691 5683 6252 4131 0 8661 0 0 1963 5954 0 6268 0 0 1379 0 0 7553 0 430 0 346 0 0 0 9674 0 0 0 0 0 0 7655 0 9891 0 2634 6278 0 0 2446 0 0 4401 0 0 0 1008 9789 0 56 0 6767 0 2815 9336 0 8818 0 1779 0 0 0 4971 0 0 0 0 0 5736 9863 9344 1015 0 0 0 0 0 7935 8897 7960 0 0 3552 175 0 6545 7936 0 3490 9459 9497 0 0 0 2586 0 9667 4617 3177 0 7581 6185 0 4185 0 1377 6489 0 4565 197 0 5131 9876 3439 2650 416 0 7095 0 4099 0 5703 8083 0 0 0 0
2681 0 0 0 0 0 9911 7997 8331 1860 0 9516 0 4649 1577 9620 9247 6412 6574 0 0 0 0 0 0 6384 6878 0 0 1496 9382 0 0 0 0 0 5738 2400 5695 9339 0 8936 0 8867 0 0 0 5155 0 6791 0 8659 0 0 5502 0 4909 0 7473 4609 0 551 0 5421 8960 0 0 0 1008 0 0 4404 0 6486 3499 621 0 0 0 0 0 8768 0 2790 0 0 6482 2151 0 1080 3642 0 0 1394 0 9729 0 9788 1067 3101 4353 3067 8980 4659 0 0 0 0 3951 0 0 3112 0 0 3541 7205 0 0 0 0 7461 9588 0 242 0 9627 0 1578 2410 0 453 2777 0 0 3674 0 0 6853 0 0 1775 0 0 1264 3431 3379 5573 3371 7131 0
804 3960 0 2987 0 0 7538 9725 0 0 0 0 0 0 0 5409 0 0 0 0 0 0 9412 0 0 0 3233 0 0 0 0 0 0 0 0 9009 0 0 4199 0 1573 8289 4684 3660 0 5829 0 89 8042 0 0 0 0 2122 0 0 5491 3119 0 0 0 0 0 944 0 1746 5100 6504 9789 0 0 5333 0 0 3373 0 8827 0 0 5455 147 8669 4296 6209 0 4604 0 0 628 2942 3547 0 0 0 0 659 0 0 0 8907 0 9010 6938 0 0 4444 413 6963 0 2960 2177 6651 3153 5657 0 7078 4413 0 0 0 0 0 1528 5104 15 0 6660 0 0 5500 6155 0 0 0 0 6720 5849 7201 0 7443 0 0 0 0 0 0 0 1744 6488 0
0 0 0 2815 5943 0 0 7374 0 0 0 1640 9181 8930 0 0 0 0 0 0 0 1695 4754 0 0 0 0 7581 0 0 0 0 5589 0 2431 0 0 3108 8632 0 0 0 0 0 0 0 0 8740 3726 5974 0 0 0 2608 8496 0 0 0 0 0 0 0 9856 0 9533 0 2994 1852 0 4404 5333 0 5640 0 5697 0 7641 0 0 5715 0 6676 9170 5564 361 0 0 6637 0 0 0 0 0 0 0 0 6746 2053 2706 0 6285 4011 0 0 0 633 602 0 0 7235 0 5965 4023 0 6214 6343 0 0 9792 0 4049 9545 4843 0 0 142 0 1537 0 698 0 0 6536 0 500 0 5897 5836 0 8835 9169 0 0 0 8410 8164 4754 0 8307 0
0 0 4038 2535 0 7211 0 0 0 2123 2707 0 0 0 0 6447 0 0 0 0 0 0 2514 3025 0 0 6835 0 0 8769 0 0 0 0 0 0 688 0 0 0 0 9335 1354 0 0 0 0 0 8423 0 0 5407 4815 3013 5676 7823 0 5750 6390 0 0 297 0 6430 4832 5920 9 4882 56 0 0 5640 0 4765 3007 9794 0 2486 0 0 0 0 0 7411 1646 0 6258 6737 5568 3397 6258 5400 3801 788 850 2753 0 4508 9941 3936 827 8690 0 0 4216 0 0 0 0 6895 0 0 9110 4556 0 1471 5841 6687 6312 299 1153 6455 0 0 0 0 859 5682 2467 0 0 0 0 0 2308 9570 0 0 9378 1488 1850 6756 0 0 6638 3474 0 0 2478 0
0 0 7808 0 0 6566 3439 869 0 209 0 0 0 770 3700 0 2636 8971 4244 0 7062 0 404 3798 3632 6335 0 2392 0 0 2214 0 8349 0 0 0 0 0 0 8039 0 0 7705 0 0 6918 0 0 5223 0 0 9110 0 0 7150 9697 0 5951 0 9106 5139 0 7540 690 6103 0 0 0 0 6486 0 0 4765 0 0 3388 4531 2144 0 6593 0 0 5954 0 9199 0 843 8452 2651 0 7007 0 9897 5266 0 443 1685 3715 9283 1471 0 3315 5351 8450 0 3170 0 0 0 0 0 3845 0 0 0 8022 5064 0 574 9739 0 0 0 0 0 8980 0 7970 342 0 4205 0 0 5008 4867 9959 7598 0 451 0 0 936 7401 0 4191 0 9413 0 5919 0
0 0 6046 0 6089 0 487 0 0 2128 0 0 7654 8724 0 0 0 0 0 0 0 0 0 0 0 0 0 4571 6206 0 8584 9515 0 9169 0 431 0 0 0 7026 0 0 0 0 0 1087 0 506 0 2004 5666 0 0 5703 7937 0 3813 0 4593 0 0 6419 5682 3239 212 8122 0 4966 6767 3499 3373 5697 3007 0 0 0 8084 0 0 5980 0 0 5506 0 8889 116 0 3614 8663 0 1954 9919 0 760 2928 2270 0 0 1646 0 8772 6060 0 0 0 0 1306 4933 9171 0 8573 8755 0 0 9441 3638 0 0 0 3889 5480 0 1840 0 9250 0 0 9303 0 5415 3073 0 0 7469 0 8557 0 0 0 2907 7259 1851 0 0 1179 0 7021 4338 8612 0
0 0 4657 0 0 5340 0 0 5665 2833 0 0 4399 0 0 0 8205 0 837 0 0 0 0 8022 3220 0 4649 1138 0 1991 0 0 5179 6254 0 0 0 9 0 0 0 0 0 0 0 0 7658 0 9652 0 0 1148 3117 0 0 0 8896 9510 9249 7967 8246 1300 7996 7971 0 0 538 6357 0 621 0 0 9794 3388 0 0 7141 0 4742 0 1804 9831 0 8181 5389 0 0 0 3659 6956 0 0 1789 0 0 0 2389 0 0 1692 0 0 6784 2 0 0 4300 2796 1119 5637 0 0 0 5320 9432 0 7898 0 1047 4267 319 3523 142 0 0 0 0 0 6218 0 4040 0 0 0 3642 0 4297 0 4313 0 0 0 0 819 9433 1814 8478 6544 4969 0
0 0 0 0 0 0 7608 0 0 0 4746 9108 2915 0 5497 0 9094 0 0 0 0 0 0 0 6043 0 7423 0 9773 9821 0 0 5450 0 9120 9576 0 3497 6924 7666 0 0 0 7079 0 0 0 0 0 855 0 0 0 694 0 9125 5769 0 3574 0 0 8232 0 0 1671 4290 0 0 2815 0 8827 7641 0 4531 8084 7141 0 321 0 5900 0 0 8427 0 5671 8320 0 0 8328 8654 3319 3608 1810 9583 0 0 0 8814 0 5876 7979 6593 1789 0 0 0 3885 1486 0 0 1228 0 0 0 0 3598 7852 58 4988 0 0 3948 0 442 0 7662 0 7114 8472 1937 1412 5540 1959 0 0 1770 5896 3404 0 0 0 7891 7555 4463 0 6883 0 5837 0 0
1066 2470 0 4741 0 0 0 4600 0 6222 0 6873 0 5408 335 0 0 7243 0 9048 0 0 0 4179 4273 0 306 0 0 6287 0 0 0 5657 0 9883 7557 7334 880 9813 7770 0 0 0 5944 0 0 4178 0 6131 0 0 8149 2276 8179 8654 0 0 1559 0 2165 6071 0 0 0 0 0 7056 9336 0 0 0 2486 2144 0 0 321 0 0 0 0 1359 0 0 8500 8515 9316 0 1520 6693 2821 2123 0 3223 5503 6085 9494 8024 0 6919 5283 8985 6972 4345 6651 0 8306 0 0 0 9688 0 860 1988 0 0 0 0 404 925 0 999 0 2883 0 8285 5373 3985 6780 397 0 4916 4322 2111 0 8471 0 7888 0 0 0 9464 2000 3275 8596 6013 4734 0 0 0
0 0 0 2361 0 2223 0 9161 0 0 4597 0 0 8180 0 0 0 0 0 0 0 0 1317 0 9218 0 4611 0 2827 7493 0 0 0 0 7024 8011 9165 0 0 0 8909 0 0 7867 1975 5056 0 0 3494 0 935 0 7962 0 4845 0 4010 1241 0 0 0 0 4122 1662 6538 0 0 0 0 0 0 0 0 0 0 4742 0 0 0 508 6735 0 810 0 0 0 9959 6925 9623 3089 0 0 0 4502 0 4112 0 0 0 0 2834 0 0 4920 5724 6988 0 0 3323 0 7765 0 0 0 3916 0 2504 5798 6522 62 0 0 2575 0 1094 4729 0 0 0 5758 8511 9054 6833 0 0 4705 0 0 827 5614 0 0 4253 2995 0 3601 0 1322 0 0
0 4227 6555 0 6250 0 8535 5114 3926 0 0 0 0 6532 9800 9048 5696 0 0 0 8804 0 0 0 0 0 0 2829 0 0 0 658 1571 0 4902 0 0 0 0 0 0 0 5836 0 0 0 0 0 0 8321 4289 0 0 0 0 0 0 0 6894 0 0 0 4587 8410 0 0 3898 3200 8818 0 5455 5715 0 6593 5980 0 5900 0 508 0 0 3842 7373 0 0 4605 4168 0 5620 2625 3765 0 3196 0 0 2224 0 0 6974 0 6747 3127 0 0 0 383 0 9913 2117 1065 0 3201 0 4742 0 476 5574 6970 1666 0 0 8563 5982 4861 0 7229 0 0 9953 3832 0 3038 3896 2393 0 9635 0 5691 0 7225 0 6918 9540 0 4251 7560 0 0 0 0
3815 0 0 8076 2613 0 0 0 0 4575 0 4686 0 6656 0 0 0 0 0 0 0 7090 0 0 6859 0 0 9628 0 0 8275 0 0 0 0 0 0 7995 0 0 4640 0 2367 0 3930 7643 3050 0 7341 0 0 8190 0 0 981 0 4812 0 6660 0 3701 999 0 0 0 0 4564 8771 0 0 147 0 0 0 0 1804 0 0 6735 0 0 0 0 5434 3346 405 8453 5190 7111 0 0 0 3578 5044 0 5090 4226 1459 0 0 2720 0 0 8371 3084 4673 1079 0 8498 0 9417 6646 0 0 5425 5064 0 0 4411 0 0 0 5481 0 9344 0 0 5585 7430 0 0 0 6733 9518 8422 0 0 0 8837 0 3023 30 3297 9264 3159 0 0 5464 182 0
0 7091 0 0 0 66 9554 0 5973 0 0 0 0 0 0 0 0 0 0 0 0 0 1515 6510 0 0 1714 0 6089 0 0 0 0 0 438 8708 0 0 0 0 6707 0 0 0 0 1920 7373 8663 9365 0 0 0 0 2446 0 8279 2790 0 0 7593 7586 1860 0 0 7331 0 0 1016 1779 8768 8669 6676 0 0 0 9831 0 1359 0 3842 0 0 0 0 6177 2924 9475 8080 0 0 3554 0 0 0 6292 0 2188 2383 2018 9230 8224 1304 0 8528 0 0 1782 6428 0 6285 0 0 4750 7280 0 0 5244 3067 0 6827 5299 0 0 846 0 0 1032 9722 1418 5679 3732 0 0 3775 1759 8302 0 4085 9965 0 0 36 0 6423 4359 4711 3337 5678 0 0
7407 0 3054 4159 0 0 0 4157 0 0 9632 4441 0 2619 4699 0 0 6177 3252 0 3679 0 3645 0 6131 0 0 0 0 8737 0 0 0 0 7533 0 0 0 2451 0 0 3699 9576 7731 0 0 7911 3779 0 9842 2734 1272 0 4626 0 0 1993 7061 0 2017 0 7380 6888 0 0 6822 0 1425 0 0 4296 9170 0 5954 5506 0 8427 0 810 7373 0 0 0 4113 0 5118 0 0 0 3634 6639 0 0 0 7107 0 0 801 0 490 5860 2550 0 0 3343 5576 5102 0 7703 2465 3906 3705 0 3267 4202 8472 9712 541 960 8288 2650 9298 8871 7534 0 9600 0 0 8888 0 0 0 0 0 1735 543 0 2600 7139 6779 9643 9507 0 1948 0 6661 493 0 0 0
0 0 0 5119 0 0 0 0 3101 0 6202 2214 0 7111 0 0 0 0 6563 0 0 0 0 0 0 6324 0 9278 0 0 0 2586 9619 513 0 2017 0 2188 0 1908 4043 2712 0 3690 1770 0 1902 0 0 0 0 246 5207 8230 0 5106 0 4748 873 0 0 0 4364 0 0 5057 0 0 0 2790 6209 5564 7411 0 0 8181 0 0 0 0 5434 0 4113 0 0 5183 5136 9088 2085 3939 0 0 6838 0 0 0 4278 5222 8344 7497 6343 9073 6565 8997 8162 7309 3631 4031 131 2707 0 6098 2060 9856 2092 1096 0 0 4736 1241 0 3812 0 4322 0 0 0 2009 7980 4497 0 9484 7741 0 5128 1502 5328 0 0 1487 4947 9192 0 0 7866 0 5117 8186 0 0
0 0 0 6039 0 4669 6313 0 0 0 0 4554 0 0 4320 0 0 5722 0 0 0 0 0 5356 0 0 0 0 0 409 0 0 533 0 9457 0 7594 4751 9135 0 8324 0 4591 0 6457 0 3407 0 0 7529 4884 0 6117 9522 42 0 2842 0 0 2077 6596 818 5814 8423 0 279 0 4606 0 0 0 361 1646 9199 8889 5389 5671 8500 0 0 3346 6177 0 0 0 942 7182 7577 0 6616 0 0 0 0 2880 9558 0 0 430 0 0 0 0 0 0 1009 0 0 0 9099 1799 0 0 0 0 0 4029 0 9912 6569 5180 0 3214 0 0 6125 0 0 5964 9686 2908 0 4614 4926 6800 0 0 0 5429 0 1069 0 0 947 9798 6339 8549 0 9931 0
8187 0 0 0 113 0 0 29 8761 0 0 0 0 0 4969 7825 0 0 7850 0 0 0 0 1626 0 1019 0 0 0 0 0 0 9581 3760 0 0 2040 8568 0 5348 0 4555 643 0 0 0 874 4337 9730 0 5783 0 4314 994 2055 0 1357 4614 0 0 0 5325 0 846 4792 7005 2363 0 4971 0 4604 0 0 0 116 0 8320 8515 0 4605 405 2924 5118 5183 942 0 60 7754 0 4404 899 1877 7210 764 0 7578 0 3807 0 0 9007 0 0 0 9284 4531 9419 0 0 9028 2052 0 5430 0 1877 9089 0 8312 9746 0 0 0 5408 6514 0 0 4955 8221 0 9579 0 0 2530 0 6622 0 8781 7672 364 5231 9863 2139 7194 1340 3239 0 4502 0 0 0
0 0 0 7643 0 8272 0 0 4747 1477 0 0 0 3214 0 5490 0 0 250 0 0 3616 0 0 0 0 0 2927 0 0 0 0 0 0 0 3109 5372 2260 9948 0 0 0 0 0 0 7869 7414 0 7622 0 5717 3255 0 0 0 0 6881 0 0 0 9030 4400 2486 7622 0 4341 6006 5094 0 6482 0 0 6258 843 0 0 0 9316 9959 4168 8453 9475 0 5136 7182 60 0 0 0 0 0 1816 0 1287 5196 0 0 8792 5519 4605 2572 3307 0 960 1996 1402 0 2948 3253 0 1306 0 3575 0 7412 0 5520 5438 7663 0 0 551 0 852 681 0 7873 0 0 6629 0 0 0 0 5299 0 5326 0 0 3710 6834 0 0 0 8831 0 0 5535 0 0
935 0 7233 0 3755 0 0 4448 0 0 0 3579 0 2824 0 7823 4669 6391 0 6548 0 0 0 0 0 0 7448 9393 0 0 0 8017 0 0 0 5383 0 0 0 0 5818 0 1496 0 0 0 4367 335 0 4812 5484 0 3592 6616 0 5785 2548 0 0 2155 2182 7934 1101 1245 6087 8735 0 0 0 2151 0 6637 6737 8452 3614 0 0 0 6925 0 5190 8080 0 9088 7577 7754 0 0 9511 7752 3050 0 4579 0 2538 1874 5241 9142 1891 5123 0 3111 1794 8989 0 6564 7235 4360 5342 4131 1629 4045 9112 0 0 333 2355 4775 6633 7577 2213 3998 0 0 3173 0 5165 9222 0 21 0 0 0 9081 0 4422 0 610 2336 0 0 0 0 5110 0 0 0 453 2722 0
0 0 8083 0 0 6335 0 0 0 8726 5711 9759 0 920 0 0 0 5834 0 0 5134 0 0 0 7304 3673 0 0 0 9010 4910 0 9791 0 0 1845 0 2550 0 4183 2122 6277 0 0 0 0 0 8517 0 0 5672 9245 0 4166 0 6792 4161 0 2760 0 145 1006 8253 1694 0 7745 1566 0 0 0 628 0 5568 2651 8663 3659 8328 1520 9623 5620 7111 0 0 2085 0 0 0 9511 0 0 4298 9183 8834 0 0 0 9576 0 5037 5777 0 8437 4796 1277 7243 0 0 0 0 0 6847 0 0 0 6628 3073 4448 6758 0 5036 6648 0 5985 6190 9360 0 2760 0 3950 5830 0 0 387 9406 5417 0 0 0 4757 2359 0 2678 2096 0 4605 6024 0 4846 0 0
0 5476 4376 0 0 7032 0 0 6524 0 0 0 7460 0 2741 6631 5571 0 0 0 0 0 6605 0 0 0 4913 0 0 0 8348 0 1836 0 6685 0 0 2072 0 8444 0 9799 3283 0 9966 0 6290 2953 3312 4648 6369 0 0 0 0 0 8684 0 0 0 0 6307 2054 0 5853 0 0 8456 0 1080 2942 0 3397 0 0 6956 8654 6693 3089 2625 0 0 3634 3939 6616 4404 0 7752 0 0 744 7141 4634 7837 5215 0 0 0 7475 9011 7754 3714 0 7945 1703 0 0 7599 0 6269 2836 82 0 795 0 779 0 4538 8303 0 8587 4944 0 5052 7853 0 6129 5952 9541 3571 2407 0 4193 109 2088 145 9041 8695 0 7413 0 9973 7446 3119 0 0 0 9963 9438 0
0 2930 0 0 4727 0 8428 0 7526 9211 6843 0 0 0 0 8347 4896 0 5146 0 6101 0 24 0 1730 0 0 0 0 6554 0 0 0 5179 3113 2502 0 0 8012 2911 0 0 2999 0 9732 2685 0 3319 0 0 6797 2815 0 0 6683 9644 7764 5645 0 0 2079 5507 9076 1813 0 0 0 0 0 3642 3547 0 6258 7007 1954 0 3319 2821 0 3765 0 3554 6639 0 0 899 0 3050 4298 744 0 3130 4418 5266 0 2584 2419 1017 0 0 0 8280 7233 0 747 2431 0 0 8550 8616 4236 9662 0 6951 111 855 1758 5785 0 0 0 9590 5412 0 1159 4465 0 6497 9112 2626 0 6711 0 0 0 9626 4551 0 0 0 4333 0 0 0 0 9078 0 6456 0 0
0 0 3687 0 3044 522 1664 0 9267 9279 0 0 0 7467 0 0 0 0 8972 2571 9452 0 0 0 7547 0 4128 0 0 0 0 1446 1712 1156 7318 0 6075 0 875 0 181 0 0 0 5452 5630 5953 6731 4178 6671 0 0 0 3346 0 0 0 3263 5093 0 0 766 0 1592 4852 8896 8807 4300 5736 0 0 0 5400 0 9919 0 3608 2123 0 0 0 0 0 0 0 1877 1816 0 9183 7141 3130 0 0 9391 1055 4284 5369 6559 0 0 0 0 6020 0 712 2771 662 9840 678 0 0 1807 7469 4990 7207 0 5410 585 22 5032 0 0 8797 3616 365 7781 5513 0 1515 9159 0 1187 0 1040 8276 0 2411 0 8065 3136 6733 0 4071 6724 8680 8298 961 9920 1238 0
0 0 4558 0 0 0 0 5332 0 2062 0 2162 2851 0 0 0 0 0 0 0 523 0 4829 0 0 0 0 0 0 0 0 0 0 0 220 0 0 1192 0 0 8056 5461 4335 0 2466 699 0 0 0 9223 3113 9894 0 8558 0 8068 0 0 0 0 968 0 0 4343 0 3989 5913 0 9863 0 0 0 3801 9897 0 1789 1810 0 0 3196 3578 0 0 6838 0 7210 0 4579 8834 4634 4418 0 0 0 3902 8539 0 768 0 0 4581 9773 0 3855 0 7132 4717 0 0 0 0 0 7801 0 9724 2979 6073 0 0 4130 9629 301 0 0 0 0 1347 803 0 0 9199 0 1798 337 0 8266 0 803 6883 9237 0 8738 6789 0 0 0 938 3364 7373 0
1939 0 0 9239 0 257 895 1392 0 9700 6696 7166 0 0 0 0 0 3925 0 0 0 0 4619 139 0 0 1702 757 0 4862 0 0 7166 0 8182 0 6279 8498 0 2121 7556 3813 0 4221 0 707 0 9805 0 8336 5688 765 0 1356 7520 4667 0 0 5672 0 6963 1085 0 886 0 0 0 0 9344 1394 0 0 788 5266 760 0 9583 3223 4502 0 5044 0 0 0 0 764 1287 0 0 7837 5266 9391 0 0 1062 0 0 0 6130 0 1249 0 2811 0 2303 6808 0 2553 914 0 0 0 0 0 0 0 2219 0 0 309 9840 0 1013 33 9786 88 5384 2066 8861 4923 851 2591 856 0 3560 6175 7776 7428 7351 592 0 2352 4737 0 1896 0 1557 0 8134 0
0 3303 3077 0 0 0 0 5141 6891 0 0 3215 0 2839 0 0 8582 8435 7236 0 822 8107 0 0 7173 6585 4734 6347 9305 900 7562 202 0 5689 0 0 0 1644 0 0 0 0 1535 0 0 3208 0 0 0 3586 0 0 8977 0 0 1310 2676 2094 0 0 7911 4205 9570 7416 0 0 9782 0 1015 0 0 0 850 0 2928 0 0 5503 0 0 0 6292 7107 0 2880 0 5196 2538 0 5215 0 1055 3902 1062 0 3016 406 0 0 0 2890 0 3334 0 1969 4267 3164 8986 1683 0 9706 0 0 5845 5880 1463 0 1012 5925 55 8583 0 0 0 0 8414 7760 4634 7238 9911 7143 0 0 9962 2297 4329 1061 3536 0 0 925 0 0 0 0 3786 5446 6 541 0
0 5660 0 0 0 1049 0 0 1061 8115 0 0 0 0 4654 8645 6554 0 2631 0 0 5535 0 8913 0 0 0 0 0 0 0 0 0 0 0 939 0 4471 8780 0 0 0 8111 0 0 0 0 1804 0 5212 0 9153 0 0 3015 6447 6379 554 0 0 9986 4034 2132 0 0 5613 0 0 0 9729 659 0 2753 443 2270 0 0 6085 4112 2224 5090 0 0 0 9558 7578 0 1874 0 0 2584 4284 8539 0 3016 0 5563 0 4201 1681 4092 1082 0 0 0 8900 4878 0 4429 9966 3725 8313 2976 4851 395 9834 0 7087 0 5757 0 8270 0 1293 7473 3426 6816 3009 8579 0 9247 7141 2455 1586 5149 2183 9718 0 2717 7174 0 3245 7198 646 9445 5316 0 8975 8234 0
8369 0 9602 0 0 9509 0 0 0 0 0 0 3678 0 7049 0 0 0 8527 827 8565 0 0 0 0 1622 0 8846 0 3776 2435 0 0 0 4883 0 0 1930 8823 0 0 2265 2812 0 0 3773 7300 0 0 0 0 0 0 0 0 0 0 7962 0 0 0 2407 8955 8859 0 0 9256 0 0 0 0 6746 0 1685 0 2389 0 9494 0 0 4226 2188 0 4278 0 0 0 5241 9576 0 2419 5369 0 0 406 5563 0 8076 2885 0 2891 4987 8711 183 9586 2048 1285 1237 9064 0 0 7675 0 9893 0 9553 0 9508 1105 9926 1305 0 0 0 7141 870 0 0 0 1138 8067 0 8348 0 1625 1394 0 1160 8927 8500 0 763 6207 3313 5284 0 3237 8019 0 0
0 0 0 0 0 659 0 3166 1091 0 5127 0 1371 0 8848 6578 5905 2757 0 0 1914 0 5618 0 0 0 0 0 0 0 0 2414 0 0 0 0 0 7686 0 0 6696 0 9398 6373 0 0 2804 5349 0 0 0 2131 1210 0 0 2372 0 1217 6678 0 1799 0 1820 1942 0 0 0 0 0 9788 0 2053 4508 3715 0 0 8814 8024 0 0 1459 2383 801 5222 0 3807 8792 9142 0 0 1017 6559 768 0 0 0 8076 0 4148 0 4509 8595 466 3795 8544 0 6883 0 6382 4044 9802 6846 5984 0 9404 0 8785 1639 0 7768 6887 0 1298 5708 4244 6056 2498 8460 0 1516 0 7922 6497 0 0 950 0 1541 1778 6226 4034 2134 2382 8012 0 908 1371 0 0 0
0 324 0 0 0 0 0 0 9736 0 0 0 0 5940 0 0 0 493 0 0 0 0 0 0 0 0 0 0 0 0 4021 0 0 0 0 1024 5504 0 0 0 2423 0 7444 0 0 0 1416 0 0 0 6759 2826 6969 0 8196 0 0 6349 0 8312 9228 0 6046 0 5193 1438 5360 0 0 1067 0 2706 9941 9283 1646 0 0 0 0 6974 0 2018 0 8344 430 0 5519 1891 5037 7475 0 0 0 6130 0 4201 2885 4148 0 0 0 0 8821 0 2554 0 5381 4097 0 3473 3278 0 0 7890 8884 6294 0 613 2895 0 8562 0 6712 6240 4382 9327 2877 9980 0 1287 0 0 1059 0 3289 9553 3473 0 0 0 0 2168 4346 0 0 9279 0 6064 0 0
6563 0 8774 0 0 7422 8972 3731 0 8094 8812 0 5921 7526 3047 0 0 6195 3392 9612 3951 0 0 0 9454 8865 0 0 9751 3037 359 0 0 0 0 0 7254 9056 0 9351 450 20 1712 160 0 6303 2076 0 0 7954 2486 6688 6030 0 8396 0 8044 8758 5523 0 0 7642 7841 4521 3132 0 4880 0 0 3101 8907 0 3936 1471 0 1692 5876 6919 0 0 0 9230 490 7497 0 0 4605 5123 5777 9011 0 0 0 0 0 1681 0 0 0 0 5487 9883 5558 6454 1258 5205 5816 5755 0 3239 4215 0 1709 0 9688 5452 4260 1837 7062 5948 0 0 0 0 2933 0 0 3482 205 1492 0 6880 0 0 1361 0 1149 1759 0 0 622 0 0 8233 6637 3737 0 2246 0 0
0 4129 0 5580 0 0 0 0 0 5410 0 7225 0 4902 0 0 0 6039 0 0 0 0 5011 0 3810 0 4421 6422 0 974 3034 0 0 0 1389 1110 0 0 0 8715 0 9512 0 0 0 7150 0 0 0 0 0 0 0 8740 0 0 0 0 0 0 0 4343 1019 3960 525 0 1565 0 7935 4353 0 6285 827 0 8772 0 7979 5283 2834 6747 2720 8224 5860 6343 0 9007 2572 0 0 7754 0 0 4581 1249 2890 4092 2891 4509 0 5487 0 4251 7279 7694 5416 9833 9364 0 3590 6160 0 1292 6869 3529 0 2822 6626 5692 6889 0 2828 1052 0 7983 1114 8253 5014 6364 0 5397 0 7216 8520 2437 1438 6869 0 0 7245 0 1033 0 7959 6612 8650 9405 5265 4393 852 0
0 0 5824 0 0 0 4767 0 0 0 5408 0 0 0 0 0 6422 0 0 0 0 0 0 0 4326 4780 0 0 0 0 0 0 0 0 0 0 0 0 0 5010 0 9554 3251 3666 0 0 0 0 0 0 0 3654 0 0 0 0 0 2735 1346 0 0 4100 0 815 0 0 0 3994 8897 3067 9010 4011 8690 3315 6060 0 6593 8985 0 3127 0 1304 2550 9073 0 0 3307 3111 8437 3714 8280 0 9773 0 0 1082 4987 8595 0 9883 4251 0 6025 0 0 283 9595 0 8946 1480 3036 0 1590 8541 2082 9455 8070 9420 0 0 727 5519 0 3382 9599 0 0 0 1183 2117 9632 0 0 5847 3303 0 6872 0 9242 921 0 4550 3521 8041 129 5969 5035 0 3111 0
0 0 0 7324 8526 7821 0 0 5081 5477 0 6872 0 0 0 0 1766 294 0 0 0 0 3957 0 6267 0 9427 865 0 0 0 0 0 0 0 2545 0 2081 8884 6736 0 0 7152 0 0 7197 0 0 0 477 0 0 0 0 717 0 0 2066 0 0 3186 0 0 6866 0 7548 0 3847 7960 8980 6938 0 0 5351 0 6784 1789 6972 0 0 0 0 0 6565 0 0 0 1794 4796 0 7233 6020 0 2811 3334 0 8711 466 8821 5558 7279 6025 0 0 8181 0 5846 2900 782 0 5332 0 9349 0 8134 6385 3277 9981 5690 9171 0 3585 7788 5046 8966 3029 3075 8746 1576 9257 0 6868 6911 7494 5878 593 1493 6960 0 5296 0 4622 0 7359 1648 6504 0 4004 6546 0
0 38 0 0 0 0 0 0 0 0 2978 7745 0 0 0 0 8980 0 0 0 3789 1742 0 0 0 0 0 0 0 0 3349 0 0 0 0 0 0 0 6993 0 0 0 0 0 4790 5427 0 1842 2440 481 0 0 3428 0 0 0 0 2343 7994 0 0 0 2682 0 0 0 5125 0 0 4659 0 0 0 8450 0 2 0 4345 4920 0 8371 8528 0 8997 0 0 960 8989 1277 7945 0 0 3855 0 0 0 183 3795 0 6454 7694 0 0 0 9462 7153 9110 0 0 541 2217 4179 2835 5399 1059 0 8427 3554 0 0 0 8413 0 7356 8375 7170 7793 9670 910 0 5231 4854 4603 1272 0 0 2712 9365 0 0 5975 1815 5254 6815 7970 6761 0 7924 5221 0
0 619 6137 0 0 0 2552 0 6880 0 1925 0 3188 0 0 1470 0 0 0 0 6567 9137 0 5266 0 9684 0 6869 3581 0 0 7254 1472 0 0 7826 999 0 0 0 0 0 0 677 0 5120 7621 7268 3283 2019 3223 0 0 0 0 6962 0 1141 0 0 529 5870 6752 2755 8 0 0 5623 0 0 0 0 4216 0 0 0 0 6651 5724 0 3084 0 3343 8162 0 9284 1996 0 7243 1703 747 712 0 2303 1969 0 9586 8544 2554 1258 5416 0 8181 9462 0 5718 20 0 6368 2709 6999 2451 0 0 2162 7101 0 0 214 7086 4959 255 5831 819 661 5608 6509 8883 8117 2179 453 5105 0 7549 9037 5437 0 4304 2868 0 2517 9016 6325 0 1184 4012 0 6748 2288 0
0 3670 0 6032 0 0 0 894 0 0 4405 0 5596 0 0 1511 7524 8917 0 3841 0 0 8697 7214 0 0 0 0 0 0 0 0 0 1605 0 0 0 0 0 9694 5248 8693 6562 0 0 0 0 0 0 4008 0 0 0 3384 0 0 0 0 0 0 9915 6799 7110 0 1425 9046 0 1362 3552 0 4444 633 0 3170 0 0 0 0 6988 383 4673 0 5576 7309 1009 4531 1402 6564 0 0 2431 2771 7132 6808 4267 8900 2048 0 0 5205 9833 283 0 7153 5718 0 9841 8835 8415 5903 4030 6991 0 5591 5872 1010 2642 9638 1317 8230 4042 9495 2206 4089 0 9074 0 6212 1097 0 5024 1967 0 2876 8648 8750 0 4593 2120 3568 0 3684 0 4693 9233 8522 403 6949 0 0
3186 0 0 0 0 0 3847 6298 0 0 0 0 0 3796 0 7684 3745 0 6556 0 0 0 1969 0 0 0 0 0 0 5841 8422 4220 0 0 0 0 0 877 643 9592 0 71 3368 3646 0 3614 4002 0 3596 0 0 0 0 8617 3484 0 4901 363 0 4167 644 0 3036 7955 0 0 0 9087 175 0 413 602 0 0 1306 4300 3885 8306 0 0 1079 1782 5102 3631 0 9419 0 7235 0 0 0 662 4717 0 3164 4878 1285 6883 5381 5816 9364 9595 5846 9110 20 9841 0 9985 8815 0 0 3714 3195 2467 0 0 0 7063 7282 4111 8528 2472 8631 0 8546 5379 2620 5871 0 1735 4091 3065 0 5013 8138 6714 389 4022 0 5975 0 4464 424 0 8195 9679 5103 1804 0 0
0 393 0 0 1627 3643 453 0 0 0 1685 0 0 823 8568 0 0 0 6524 0 9065 6062 0 4480 1912 0 0 0 0 0 0 0 0 7323 0 0 0 0 5229 0 0 0 0 0 6390 0 5904 7214 8083 9103 5038 0 0 6996 9439 0 0 0 0 0 0 2951 2916 0 2890 9734 0 0 0 0 6963 0 0 0 4933 2796 1486 0 0 9913 0 6428 0 4031 0 0 2948 4360 0 7599 0 9840 0 2553 8986 0 1237 0 4097 5755 0 0 2900 0 0 8835 9985 0 0 0 3991 1364 4886 0 3220 6159 0 0 0 4973 497 1037 9322 9861 0 1213 0 3251 7426 2367 1408 8642 191 693 4681 0 2508 28 6654 4812 472 0 1099 8975 0 48 2628 0 6440 0
7666 465 0 0 9235 0 0 8055 2486 0 0 7613 0 0 0 0 0 0 4432 687 0 0 0 8878 0 0 0 0 0 3728 3569 0 0 0 2391 8528 3178 0 0 0 4938 5795 6141 0 391 0 0 0 1499 0 0 0 0 0 0 0 6951 0 0 7199 0 0 1550 3182 8300 7626 1512 4396 6545 3951 0 0 0 0 9171 1119 0 0 3323 2117 8498 0 7703 131 0 0 3253 5342 0 0 8550 678 0 914 1683 4429 9064 6382 0 0 3590 8946 782 0 6368 8415 8815 0 0 0 3925 2315 0 0 5455 0 3608 0 3761 5848 1494 1999 0 1242 3554 2676 2633 5113 8548 4961 7065 0 0 3363 0 0 9118 5277 2995 4658 9282 9310 6766 5034 1077 9934 3449 4435 0 0
0 0 1353 212 2418 2690 0 0 0 0 0 0 0 0 0 0 0 0 0 0 0 7653 0 0 0 453 0 6172 0 0 0 7662 2487 0 9070 0 5503 0 0 0 0 4293 0 1985 0 0 5431 0 1937 0 5673 4375 0 0 7271 5491 2240 0 8895 0 0 0 0 0 9660 0 2289 2502 7936 0 2960 7235 6895 0 0 5637 0 0 0 1065 0 6285 2465 2707 9099 9028 0 4131 0 6269 8616 0 0 0 0 9966 0 4044 3473 3239 6160 1480 0 541 2709 5903 0 0 0 0 5894 2613 7228 7364 4065 7811 5605 2714 503 5943 1290 5785 1793 9707 9143 141 7791 5269 0 0 9937 5704 6565 2953 4683 0 9214 7650 8175 4251 0 6560 9843 2324 4262 0 361 6520 4050 0
0 8032 0 7328 5236 0 543 0 9844 0 5386 0 5449 0 0 4916 0 0 0 0 0 4439 3284 0 0 0 7234 1335 0 0 0 9058 7689 9891 9014 0 0 8853 0 0 0 0 0 0 8726 0 0 0 0 8127 0 0 9420 0 0 0 3155 0 2645 0 0 0 0 0 0 0 4562 3779 0 0 2177 0 0 0 8573 0 1228 9688 7765 0 9417 0 3906 0 1799 2052 1306 1629 6847 2836 4236 0 0 0 9706 3725 0 9802 3278 4215 0 3036 5332 2217 6999 4030 0 3991 3925 5894 0 9962 5031 8456 0 1029 2450 7611 8664 0 0 5892 1849 0 0 0 8413 4079 9582 0 0 0 9054 966 2094 0 8020 80 7717 3655 8280 398 3280 1440 7623 4548 0 5663 8315 0
0 0 0 0 5466 0 262 7682 0 7281 0 8578 0 7781 0 0 0 7122 5473 7296 0 4344 1358 0 5085 0 0 5571 4892 669 5384 6503 8823 0 715 0 3214 8995 7911 0 0 0 0 4976 0 0 0 2027 0 0 0 0 0 0 383 0 1823 0 6291 0 0 1445 0 8164 5750 0 6537 0 3490 3112 6651 5965 0 3845 8755 0 0 0 0 3201 6646 0 3705 6098 0 0 0 4045 0 82 9662 1807 0 0 0 8313 7675 6846 0 0 1292 0 0 4179 2451 6991 3714 1364 2315 2613 9962 0 0 2369 7035 124 0 7549 8839 0 4476 7426 8428 0 3638 0 904 4517 1042 4300 8872 5488 777 8368 7819 3974 1105 734 9775 3996 0 7011 3660 0 0 0 5782 0 4274 0
0 0 3305 566 0 0 897 0 3521 0 0 2009 0 0 0 0 0 4718 9031 0 0 0 0 0 6740 2699 0 0 8304 0 0 6411 0 0 0 9760 8332 0 1124 0 0 0 0 3097 0 0 0 0 8074 929 6189 6073 2174 0 8688 3391 0 0 6456 1503 0 0 0 635 0 0 3643 4132 9459 0 3153 4023 9110 0 0 0 0 860 0 0 0 4750 0 2060 0 5430 3575 9112 0 0 0 7469 7801 0 0 2976 0 5984 0 1709 6869 1590 9349 2835 0 0 3195 4886 0 7228 5031 0 0 5532 0 6347 6265 193 0 8956 0 0 0 6980 5139 1969 6940 0 0 2263 7291 5696 7514 4091 7851 8867 6592 0 0 8173 3587 0 3227 0 8159 345 3151 3297 8499 0
0 0 0 5863 2465 0 0 0 0 0 0 0 0 0 6789 0 2541 0 4950 0 0 0 0 0 6600 0 0 4222 9600 6538 0 9347 0 0 0 0 0 0 0 4137 731 0 0 0 5962 7148 2002 4815 3491 1253 4492 0 4523 6395 0 3959 2580 0 0 1915 3316 9533 2471 6192 7394 4521 0 0 9497 0 5657 0 4556 0 0 5320 0 1988 0 4742 0 7280 3267 9856 0 0 0 0 0 795 6951 4990 0 0 5845 4851 9893 0 7890 0 3529 8541 0 5399 0 5591 2467 0 0 7364 8456 2369 5532 0 7331 2726 4014 7879 8984 0 0 4705 5813 0 1825 8155 8637 7324 7865 8786 7573 0 0 5689 7202 311 3739 4463 3966 5071 6633 4361 200 221 5282 882 0 0 3749 0
7234 0 8567 0 0 0 0 7729 0 3101 0 0 0 3902 0 0 0 0 0 4400 1452 0 0 9228 2264 0 0 0 3324 0 0 0 6321 0 42 9628 0 4837 9484 0 4759 0 0 1382 0 0 836 8607 6760 7637 99 0 5627 536 0 0 0 423 0 0 0 1180 0 9418 0 0 768 0 0 3541 0 6214 0 0 9441 9432 0 0 3916 0 5425 0 4202 2092 0 1877 7412 0 6628 0 111 7207 9724 0 5880 395 0 9404 8884 9688 0 2082 8134 1059 2162 5872 0 3220 5455 4065 0 7035 0 7331 0 4359 7728 7832 7306 4004 8547 0 7246 2537 6886 0 2026 2728 3484 8819 6656 618 2763 1296 517 9383 1567 2230 2440 546 1237 4980 1314 3301 4172 7433 8097 9729 0 0
0 2134 6894 0 0 0 3495 0 5253 7914 0 0 0 0 6131 6006 0 0 4007 0 0 0 0 9126 0 0 3061 0 0 3989 0 0 0 1936 3142 0 0 0 1308 0 0 0 2147 0 0 0 3849 8181 0 0 0 0 0 0 6110 8932 5547 3987 0 0 6749 943 2325 0 0 977 0 2080 0 7205 7078 6343 1471 8022 3638 0 3598 0 0 476 5064 0 8472 1096 0 9089 0 333 3073 779 855 0 2979 0 1463 9834 9553 0 6294 5452 2822 9455 6385 0 7101 1010 0 6159 0 7811 1029 124 6347 2726 4359 0 8697 2783 4638 0 2108 9038 0 1161 5274 2130 4069 3850 9993 2475 3456 3013 0 0 0 7556 9264 6253 3784 296 7385 0 8275 0 3754 9767 9328 8839 9016 0
0 0 0 0 0 0 0 0 0 9942 2159 0 0 0 0 0 0 0 0 0 4906 2848 0 0 0 0 0 0 7448 1158 0 0 0 0 0 0 7153 0 0 0 0 0 0 0 0 4549 0 8684 0 0 0 0 9695 1369 0 0 0 5453 0 0 5647 0 0 0 0 9159 0 0 0 0 4413 0 5841 5064 0 7898 7852 0 2504 5574 0 5244 9712 0 4029 0 5520 2355 4448 0 1758 5410 6073 2219 0 0 0 8785 0 4260 6626 8070 3277 8427 0 2642 0 0 3608 5605 2450 0 6265 4014 7728 8697 0 0 3238 8723 4258 0 8576 4334 9521 7595 3968 0 8990 0 9356 3785 7822 2449 5910 5760 2844 0 1516 6759 4582 0 0 7096 8060 2730 2691 0 4666 0
0 4973 0 0 0 7227 0 0 0 0 0 9005 4704 0 5613 0 3352 0 0 9333 0 0 0 0 8312 0 1476 0 0 0 0 0 0 3435 0 0 0 0 8618 7579 0 3489 8301 0 0 6866 0 0 8856 1169 6365 0 0 0 0 0 5594 8786 0 0 1555 3221 0 7096 0 3726 235 5785 2586 0 0 0 6687 0 0 0 58 0 5798 6970 0 3067 541 0 0 8312 5438 4775 6758 4538 5785 585 0 0 1012 7087 9508 1639 613 1837 5692 9420 9981 3554 0 9638 7063 0 0 2714 7611 7549 193 7879 7832 2783 0 0 7788 5346 6088 81 7858 2650 0 5628 0 865 4146 3277 1186 0 3534 2996 9216 8090 0 6014 8555 1811 0 8457 3382 0 7391 7356 9622 1585 2075 0
1124 0 7707 3864 0 8499 4425 0 4005 0 7423 0 436 0 6650 8083 0 0 0 0 0 0 0 2289 0 7926 1646 2505 5216 0 772 0 0 8123 0 0 609 0 0 0 0 3899 0 0 0 0 2615 0 5165 0 0 0 0 0 9818 0 7481 9074 0 3218 6475 0 8516 9738 8909 0 7958 0 0 0 0 9792 6312 574 0 1047 4988 404 6522 1666 4411 0 960 4736 9912 9746 7663 6633 0 8303 0 22 0 0 5925 0 1105 0 2895 7062 6889 0 5690 0 214 1317 7282 0 3761 503 8664 8839 0 8984 7306 4638 3238 7788 0 0 7038 3094 0 7497 112 0 9679 6796 4047 3686 0 2064 1542 9223 6227 4810 2734 395 2017 7602 0 6738 1509 283 9887 3898 1828 5169 828 0
0 0 7813 0 0 0 9311 6510 3692 0 3596 4894 0 0 0 3814 6792 0 8880 0 0 0 0 3381 341 1585 8924 0 6943 0 8367 0 4952 2038 0 0 4757 0 5176 0 5364 5437 0 0 4277 0 0 4899 2834 0 0 0 3915 3469 9761 0 8820 291 4606 0 0 0 0 6548 0 8999 4109 2749 9667 0 0 0 299 9739 3889 4267 0 925 62 0 0 6827 8288 1241 6569 0 0 7577 5036 0 0 5032 4130 309 55 5757 9926 7768 0 5948 0 0 9171 0 7086 8230 4111 4973 5848 5943 0 0 8956 0 4004 0 8723 5346 0 0 9985 0 1826 2476 0 2357 2540 8346 0 5892 1914 6274 531 1428 2515 7884 9238 57 946 7596 0 167 1537 279 6159 451 482 4142 6453 0
1148 0 0 0 0 0 4196 0 0 0 0 0 0 0 0 9569 0 6816 0 5557 0 0 0 0 928 5911 8623 0 2827 0 0 0 7291 0 0 0 3041 1044 0 0 3867 0 0 0 8809 0 0 0 0 0 0 8042 0 6783 0 990 0 5640 0 0 30 0 0 3561 0 8672 936 0 4617 7461 0 4049 1153 0 5480 319 0 0 0 0 0 5299 2650 0 5180 0 0 2213 6648 8587 0 0 9629 9840 8583 0 1305 6887 8562 0 2828 727 0 0 4959 4042 8528 497 1494 1290 0 4476 0 0 8547 2108 4258 6088 7038 9985 0 0 0 8751 1092 9538 6792 4828 7941 246 4540 6642 0 4081 6524 357 1996 2946 9372 1509 1550 213 6122 4616 8742 436 5260 4328 4249 0
6733 8020 0 6071 0 0 2726 5858 0 7913 9163 0 6780 2907 0 236 2309 3631 8296 0 0 4360 0 0 0 7175 0 0 0 8464 0 0 425 0 7707 0 0 0 0 0 0 0 0 0 586 0 0 0 0 9080 0 8134 0 2667 0 1042 0 1567 4820 1899 0 0 6799 0 0 0 0 4692 3177 9588 0 9545 6455 0 0 3523 3948 999 0 8563 0 0 9298 3812 0 0 551 3998 0 4944 9590 0 301 0 0 8270 0 0 0 0 1052 5519 3585 8413 255 9495 2472 1037 1999 5785 5892 7426 0 4705 0 9038 0 81 3094 0 0 0 4395 0 7502 0 7583 6424 1991 3325 2852 7159 42 5342 2598 284 1192 9418 6710 5681 3529 1623 1238 0 0 2604 2343 1135 9091 0
0 0 3781 0 8963 0 0 6494 0 0 0 0 6661 0 0 0 0 0 0 4309 0 0 352 0 0 9620 8607 4623 0 7940 5758 0 0 672 0 0 0 4431 0 0 8955 0 0 2172 0 6564 0 0 0 0 6435 0 5793 0 8726 0 1195 0 5777 3770 238 0 3512 0 0 3663 2730 1954 0 0 1528 4843 0 0 1840 142 0 0 2575 5982 5481 0 8871 0 3214 5408 0 0 5985 0 5412 8797 0 1013 0 0 0 1298 6712 0 0 0 7788 0 5831 2206 8631 9322 0 1793 1849 8428 0 5813 7246 0 8576 7858 0 1826 0 4395 0 0 6876 5839 5633 6072 5902 4504 0 6737 0 867 6692 9123 2033 5085 6804 118 1933 8676 9272 1045 6624 463 9809 3825 0 0
0 0 0 0 8940 0 0 0 0 0 0 4410 0 0 0 0 0 0 0 0 0 454 192 0 0 848 0 1375 1291 0 9098 0 0 452 6880 0 6503 0 5164 0 0 0 5464 0 0 0 3966 0 0 0 0 0 919 0 0 0 0 0 8600 321 7427 0 632 619 0 0 2058 0 7581 242 5104 0 0 0 0 0 442 2883 0 4861 0 846 7534 4322 0 6514 852 0 6190 5052 0 3616 0 33 0 1293 0 5708 6240 0 7983 3382 5046 7356 819 4089 0 9861 1242 9707 0 0 6980 0 2537 1161 4334 2650 7497 2476 8751 0 0 0 544 0 3335 140 396 0 4933 6407 6940 0 2494 6992 1140 8338 1703 1482 6492 2932 7054 3513 4459 8752 9399 3466 5475 0
8385 6599 0 5064 0 0 1358 6316 6011 8045 0 0 4583 0 0 0 0 0 1516 0 4084 480 0 700 0 1390 0 152 0 0 0 0 0 0 0 2775 0 0 0 0 0 6363 0 0 0 241 0 0 0 5524 0 2145 0 0 0 5679 700 0 5496 1961 5382 0 1026 3399 0 6354 0 0 6185 0 15 0 0 0 9250 0 0 0 1094 0 9344 0 0 0 0 0 681 3173 9360 7853 1159 365 0 9786 0 7473 7141 4244 4382 2933 1114 9599 8966 8375 661 0 8546 0 3554 9143 0 3638 5139 1825 6886 5274 9521 0 112 0 1092 7502 6876 544 0 8782 0 7039 0 0 3647 5730 2595 6206 0 8940 5977 3447 8091 7326 3156 3832 6627 6205 2822 7567 4826 2281 2933 0
2772 0 0 0 4180 0 0 6814 0 2404 0 605 0 5513 0 0 0 0 0 0 0 7441 0 0 6742 9065 6947 0 0 0 0 0 0 0 0 0 6620 8053 0 0 0 8135 0 0 4836 0 0 0 0 7872 43 0 0 0 0 0 7642 6437 6261 0 8204 2635 0 0 7462 0 0 0 0 9627 0 142 0 8980 0 0 7662 8285 4729 7229 0 0 9600 0 6125 0 0 0 0 0 4465 7781 0 88 8414 3426 870 6056 9327 0 8253 0 3029 7170 5608 9074 5379 1213 2676 141 0 0 1969 8155 0 2130 7595 5628 0 2357 9538 0 5839 0 8782 0 482 5856 7225 1645 5894 2425 7961 0 7139 0 5437 957 0 5784 1486 8250 98 3483 8171 3091 0 5916 1864 0
4999 0 8742 0 0 0 4206 7551 0 0 3014 0 0 0 0 0 7098 0 0 771 0 0 0 1484 0 0 0 2466 0 0 4230 0 0 0 8095 6486 6810 0 0 0 0 0 0 0 0 0 1275 4512 0 0 0 0 0 5566 1362 0 2592 4863 0 0 738 8374 0 0 7992 2809 0 7058 4185 0 6660 0 859 0 0 0 0 5373 0 0 0 1032 0 0 0 4955 7873 5165 2760 6129 0 5513 1347 5384 7760 6816 0 2498 2877 0 5014 0 3075 7793 6509 0 2620 0 2633 7791 8413 904 6940 8637 2026 4069 3968 0 9679 2540 6792 7583 5633 3335 0 482 0 0 880 4156 7639 2421 7152 3349 1358 0 1026 0 1060 6464 3057 2530 5803 0 9686 7340 3700 1129 3327 0
0 0 0 0 0 4777 0 0 2486 5664 4041 0 0 7686 0 0 3753 0 3805 0 0 0 1815 0 0 0 1903 0 0 0 0 0 0 578 0 0 0 0 7200 6609 0 1606 4487 0 1758 0 6284 0 0 447 0 0 0 4307 0 199 0 0 7269 0 0 6088 0 0 9615 62 9721 8110 0 1578 0 1537 5682 7970 9303 0 7114 3985 0 0 5585 9722 0 2009 0 8221 0 9222 0 5952 6497 0 803 2066 4634 3009 0 8460 9980 3482 6364 0 8746 9670 8883 6212 5871 3251 5113 5269 4079 4517 0 7324 2728 3850 0 865 6796 8346 4828 6424 6072 140 7039 5856 0 0 531 6784 0 0 4906 9078 5543 2475 0 0 6368 4128 8707 8595 9789 9449 5680 2632 6975 9748 2120 0
2300 0 0 0 8913 0 0 0 0 0 0 0 0 9478 0 0 0 0 0 0 0 0 0 0 0 0 0 8078 0 8849 0 493 0 96 0 0 5075 0 0 0 2695 0 1000 3081 0 977 6267 0 0 0 0 0 0 0 0 0 0 1127 5219 0 0 0 2965 0 3107 0 0 5069 1377 2410 0 0 2467 342 0 6218 8472 6780 0 9953 7430 1418 8888 7980 5964 0 0 0 3950 9541 9112 1515 0 8861 7238 8579 0 0 0 205 0 1183 1576 910 8117 1097 0 7426 8548 0 9582 1042 0 7865 3484 9993 8990 4146 4047 0 7941 1991 5902 396 0 7225 880 531 0 6609 5118 4870 4190 7845 8184 4769 2319 6299 5937 6609 0 4251 9538 0 2950 6329 6268 8069 1165 0
0 0 0 0 0 7580 0 1151 0 0 922 0 8158 0 0 0 0 3030 0 1799 0 8058 6318 0 0 0 7557 7024 5707 1225 0 1823 0 0 5101 6127 6877 0 1409 0 6731 1941 7323 0 0 3677 1490 7841 9300 662 1038 0 0 858 3239 5112 0 8843 860 0 0 6656 5198 0 7639 8208 8181 0 6489 0 5500 698 0 0 5415 0 1937 397 5758 3832 0 5679 0 4497 9686 9579 6629 21 5830 3571 2626 9159 0 4923 9911 0 1138 1516 1287 1492 5397 2117 9257 0 2179 0 1735 2367 4961 0 0 4300 2263 8786 8819 2475 0 3277 3686 5892 246 3325 4504 0 0 1645 4156 6784 6609 0 9165 0 8074 8744 6658 792 9348 4699 5770 2944 4949 2700 6252 9971 5469 7475 0 4978 6412 0
0 0 5934 0 0 6842 2837 0 0 0 1494 0 0 9003 4263 0 0 0 2689 0 4330 0 5230 4499 0 0 7878 0 0 4886 0 0 6506 23 0 9872 0 0 0 0 8308 0 9451 5079 9633 0 0 3025 8004 0 0 8012 0 0 1626 0 0 1941 0 0 8276 0 0 0 0 0 0 0 0 453 6155 0 0 4205 3073 4040 1412 0 8511 0 0 3732 0 0 2908 0 0 0 0 2407 0 0 9199 851 7143 9247 8067 0 0 0 0 9632 0 5231 453 5024 4091 1408 7065 9937 0 8872 7291 7573 6656 3456 9356 1186 0 1914 4540 2852 0 4933 3647 5894 7639 0 5118 9165 0 5938 741 4450 1328 0 8936 8116 474 4762 9320 8320 9412 3807 449 5131 727 3809 9212 0
1267 7326 0 2790 0 2749 0 0 0 0 3665 0 7962 0 5544 0 0 0 0 0 0 0 0 2908 3240 6592 0 0 0 0 0 0 1242 0 0 0 0 0 0 6778 0 0 0 5029 366 4674 3533 0 3493 0 0 2926 0 0 0 0 1510 7054 9820 0 0 7692 0 1452 586 0 0 1126 4565 2777 0 0 0 0 0 0 5540 4916 9054 3038 0 0 0 9484 0 0 0 0 0 0 6711 1187 0 2591 0 7141 0 7922 0 6880 7216 0 6868 4854 5105 1967 3065 8642 0 5704 0 5488 5696 0 618 3013 3785 0 2064 6274 6642 7159 6737 6407 5730 2425 2421 0 4870 0 5938 0 6806 3160 625 6007 1770 0 1707 4255 3874 8730 5914 8382 108 8878 6332 5153 9671 0
545 9240 9135 9920 8798 0 1434 0 0 0 2588 4041 0 0 0 0 0 2246 0 2244 0 2722 0 0 3028 0 0 0 0 4013 0 0 0 0 0 0 2148 5154 1938 6667 1297 0 0 7438 8776 0 0 0 0 0 1700 0 9672 4971 357 1448 4237 0 0 0 8335 0 6303 0 414 298 0 6826 197 0 0 6536 0 0 0 0 1959 4322 6833 3896 6733 0 0 7741 4614 2530 0 0 387 4193 0 0 1798 856 0 2455 8348 6497 1059 0 8520 0 6911 4603 0 0 0 191 0 6565 9054 777 7514 0 2763 0 7822 3534 1542 531 0 42 0 6940 2595 7961 7152 4906 4190 8074 741 6806 0 8730 356 1311 7268 2307 3310 98 2694 3826 9728 6570 8893 9822 7418 8822 2382 0
0 0 9953 0 0 0 0 0 0 0 6987 0 0 0 932 0 0 2596 0 7346 0 8368 7015 0 927 0 3223 0 0 0 0 0 4716 5630 8780 6564 9318 8482 0 6655 1854 0 0 6116 508 3591 2412 0 0 0 0 0 0 2564 0 0 0 0 7454 305 0 0 5409 0 0 0 9625 7123 0 0 0 0 0 5008 7469 0 0 2111 0 2393 9518 3775 0 0 4926 0 0 9081 9406 109 0 1040 337 0 9962 1586 0 0 0 0 2437 5847 7494 1272 7549 2876 5013 693 3363 2953 966 8368 4091 5689 1296 0 2449 2996 9223 1428 4081 5342 867 0 6206 0 3349 9078 7845 8744 4450 3160 8730 0 858 1065 1904 9609 8528 1446 1175 6315 4048 5250 9085 1835 8663 3578 7820 0
5543 3780 0 0 0 2422 0 5946 0 0 0 530 0 3841 0 0 2635 0 0 0 8892 0 3296 7235 0 563 2458 0 8738 0 3802 4071 7038 0 0 0 0 0 0 7575 3319 0 0 0 0 0 4872 0 270 0 0 0 2713 0 0 2103 0 0 243 3451 0 0 4980 0 0 0 1632 0 5131 3674 0 500 2308 4867 0 3642 0 0 0 0 8422 1759 1735 5128 6800 6622 5299 0 5417 2088 0 8276 0 3560 2297 5149 1625 0 3289 1361 1438 3303 5878 0 9037 8648 8138 4681 0 4683 2094 7819 7851 7202 517 0 5910 9216 6227 2515 6524 2598 6692 2494 0 7139 1358 5543 8184 6658 1328 625 356 858 0 8332 730 7996 2700 5624 2941 3039 559 3948 6110 156 1613 4625 7148 0
6687 0 4003 0 0 0 5259 0 0 5613 0 0 0 0 5307 8668 0 0 0 0 0 4286 3647 0 0 0 0 0 0 0 6471 9179 6767 0 3317 1928 0 0 7545 0 4004 0 8430 3474 0 0 6670 1382 0 0 0 0 0 1361 6030 0 2393 6898 0 5224 3398 0 9332 4377 3197 0 0 0 9876 0 6720 0 9570 9959 8557 0 1770 8471 4705 9635 0 8302 543 1502 0 0 0 4422 0 145 9626 0 8266 6175 4329 2183 1394 950 9553 0 6869 0 593 0 5437 8750 6714 0 0 0 0 3974 8867 311 9383 7556 5760 8090 4810 7884 357 284 9123 6992 8940 0 0 2475 4769 792 0 6007 1311 1065 8332 0 7521 3799 6236 1328 1146 0 7565 2960 9218 1664 2004 4831 6548 0
0 0 2362 0 9292 4454 1296 0 9391 0 0 0 2934 0 0 2623 0 654 6525 7778 1657 0 0 0 9233 0 0 5332 699 0 0 0 0 0 0 0 1883 0 8281 2408 5189 0 7032 0 0 5766 4664 9186 3275 0 3373 0 0 0 8293 355 0 0 0 0 929 0 4184 9196 0 0 8320 5821 3439 0 5849 5897 0 7598 0 4297 5896 0 0 0 0 0 0 5328 0 8781 5326 0 0 9041 4551 2411 0 7776 1061 9718 0 0 3473 1149 0 6872 1493 2712 0 0 389 2508 9118 9214 8020 1105 6592 3739 1567 9264 2844 0 2734 9238 1996 1192 2033 1140 5977 5437 1026 0 2319 9348 8936 1770 7268 1904 730 7521 0 915 5225 6078 3999 1294 4 9538 7979 8698 8880 5506 6484 0
0 0 5284 0 0 0 0 7645 0 0 0 0 0 0 0 0 0 0 9641 0 6479 0 0 0 0 1428 0 3493 0 5310 0 0 9396 0 0 0 0 9679 444 0 5291 0 0 0 8229 8538 0 385 0 6382 0 0 9746 728 0 4868 0 6263 0 0 0 0 6155 0 0 0 0 0 2650 6853 7201 5836 0 0 0 0 3404 7888 0 5691 0 4085 2600 0 0 7672 0 610 0 8695 0 0 803 7428 3536 0 1160 1541 0 1759 0 0 6960 9365 4304 4593 4022 28 5277 7650 80 734 0 4463 2230 6253 0 6014 395 57 2946 9418 5085 8338 3447 957 0 0 6299 4699 8116 0 2307 9609 7996 3799 915 0 1058 4159 2091 9822 1826 7093 4555 9777 3335 488 6436 0
9041 0 0 0 0 0 0 1786 0 0 3530 6679 0 9982 0 0 0 0 9525 7519 0 9869 7558 0 0 0 0 1435 0 0 0 9506 0 0 7405 0 0 4871 495 4368 0 0 0 7495 7728 0 0 0 0 7098 9319 0 4943 0 0 0 8690 0 0 2782 0 0 7988 0 0 0 0 0 416 0 0 0 9378 451 0 4313 0 0 827 0 8837 9965 7139 0 5429 364 0 2336 4757 0 0 8065 6883 7351 0 2717 8927 1778 0 0 7245 9242 0 0 2868 2120 0 6654 2995 8175 7717 9775 0 3966 2440 3784 1516 8555 2017 946 9372 6710 6804 1703 8091 0 1060 6368 5937 5770 474 1707 3310 8528 2700 6236 5225 1058 0 9573 3723 2473 7822 1686 4158 5311 3948 9925 2819 0
0 0 2242 0 6498 0 8599 0 0 0 0 1472 0 0 0 0 7002 7874 561 0 0 0 0 0 0 0 0 3033 0 0 0 0 0 0 0 0 0 6452 0 0 7381 0 1145 4954 5417 0 0 9744 0 0 0 0 2157 3322 9017 3011 0 0 2486 2841 46 0 9485 0 0 5965 0 0 0 0 7443 8835 1488 0 2907 0 0 0 5614 7225 0 0 6779 1487 0 5231 3710 0 2359 7413 0 3136 9237 592 0 7174 8500 6226 0 0 0 921 5296 0 0 3568 5975 4812 4658 4251 3655 3996 8173 5071 546 296 6759 1811 7602 7596 1509 5681 118 1482 7326 5784 6464 4128 6609 2944 4762 4255 98 1446 5624 1328 6078 4159 9573 0 7992 5824 8395 8863 1957 1835 3078 7006 7752 0
0 6959 0 0 9661 6592 0 5249 0 0 0 7125 0 0 0 1538 0 0 0 0 0 2644 3178 1361 6591 4855 0 0 0 0 0 0 8488 0 0 9674 0 0 6329 0 4538 0 2081 384 0 0 0 1611 7478 4050 0 0 8469 84 7450 0 0 2276 0 0 1267 0 0 0 0 8343 1325 6622 7095 1775 0 9169 1850 0 7259 0 0 0 0 0 3023 0 9643 4947 1069 9863 6834 0 0 0 4333 6733 0 0 925 0 0 4034 0 622 1033 0 0 5975 2517 0 0 472 9282 0 8280 0 3587 6633 1237 7385 4582 0 0 0 1550 3529 1933 6492 3156 1486 3057 8707 0 4949 9320 3874 2694 1175 2941 1146 3999 2091 3723 7992 0 5923 2736 6505 1306 7883 8731 5569 2834 0
0 0 0 0 0 0 9497 0 6741 0 0 0 7886 3522 3792 0 0 0 2221 0 0 740 0 7594 3244 5767 9638 0 0 0 0 0 9407 0 739 7885 0 0 0 3381 0 0 5836 3129 1438 0 6048 0 0 0 7171 0 0 0 0 6055 3242 6690 797 1948 0 0 0 0 9973 0 0 0 0 0 0 0 6756 936 1851 0 7891 9464 0 6918 30 36 9507 9192 0 2139 0 0 2678 9973 0 0 8738 2352 0 3245 763 2134 2168 0 0 4550 4622 1815 9016 3684 4464 0 9310 6560 398 7011 0 4361 4980 0 0 8457 6738 167 213 1623 8676 2932 3832 8250 2530 8595 4251 2700 8320 8730 3826 6315 3039 0 1294 9822 2473 5824 5923 0 53 455 8566 5837 9835 8949 4301 0
0 0 0 0 0 0 0 0 3321 0 0 0 0 0 0 4977 0 3660 0 0 0 0 0 0 928 0 0 2624 0 6278 8888 942 6991 0 3156 0 0 6188 0 7414 0 0 5282 0 0 3363 6068 4445 0 0 0 0 0 6568 0 0 0 8374 0 0 3400 5911 0 2511 0 4215 0 6167 4099 0 0 0 0 7401 0 0 7555 2000 4253 9540 3297 0 0 0 0 7194 0 0 2096 7446 0 4071 6789 4737 0 7198 6207 2382 4346 0 7959 3521 0 5254 6325 0 424 1099 6766 9843 3280 3660 3227 200 1314 8275 0 3382 1509 1537 6122 1238 9272 7054 6627 98 5803 9789 9538 6252 9412 5914 9728 4048 559 7565 4 1826 7822 8395 2736 53 0 2242 6448 6601 7591 2998 9863 0
0 0 9697 1549 0 0 0 4994 0 0 0 0 7295 0 0 0 0 0 0 0 282 0 4795 5863 6272 8835 3482 6862 0 582 0 0 0 5495 0 9179 4191 0 1 1115 7030 2879 0 9548 0 0 751 0 742 0 0 2641 4088 5620 4949 0 0 5332 2298 6487 0 0 78 6107 0 8091 0 0 0 1264 0 0 0 0 0 819 4463 3275 2995 0 9264 6423 1948 0 947 1340 0 5110 0 3119 0 6724 0 0 0 646 3313 8012 0 8233 6612 8041 7359 6815 0 4693 0 8975 5034 2324 1440 0 0 221 3301 0 7096 0 283 279 4616 0 1045 3513 6205 3483 0 9449 0 9971 3807 8382 6570 5250 3948 2960 9538 7093 1686 8863 6505 455 2242 0 1530 3953 4759 1041 3939 0
4423 5099 0 0 0 0 4398 0 0 0 3014 0 0 0 0 0 0 0 0 4478 0 0 4227 871 0 0 3711 9055 0 4454 121 0 0 0 0 0 0 5779 0 0 155 9628 0 700 4460 415 4003 4872 4884 0 4880 3293 0 0 0 0 0 8167 8932 1085 7857 5928 0 0 8835 0 7398 0 5703 3431 0 8410 6638 4191 1179 9433 0 8596 0 4251 3159 4359 0 7866 9798 3239 8831 0 4605 0 0 8680 0 1896 0 9445 5284 0 0 6637 8650 129 1648 7970 1184 9233 8195 0 1077 4262 7623 0 8159 5282 4172 3754 8060 7391 9887 6159 8742 0 6624 4459 2822 8171 9686 5680 2950 5469 449 108 8893 9085 6110 9218 7979 4555 4158 1957 1306 8566 6448 1530 0 9477 3126 9774 9523 0
0 0 3709 0 0 7516 0 0 0 8572 0 0 0 3078 0 0 0 9997 0 0 7669 0 0 6313 215 0 0 0 0 3583 0 0 8502 4080 3105 0 0 0 0 6668 8006 0 0 0 0 4075 0 0 0 0 1963 3140 0 4274 2426 0 5695 0 3157 4293 5757 0 0 777 0 4400 0 361 8083 3379 0 8164 3474 0 0 1814 6883 6013 3601 7560 0 4711 6661 0 6339 0 0 0 6024 0 9078 8298 0 0 3786 5316 0 908 9279 3737 9405 5969 6504 6761 4012 8522 9679 48 9934 0 4548 0 345 882 7433 9767 2730 7356 3898 451 436 2604 463 8752 7567 3091 7340 2632 6329 7475 5131 8878 9822 1835 156 1664 8698 9777 5311 1835 7883 5837 6601 3953 9477 0 0 0 0 0
8506 0 0 0 6716 0 1149 0 0 5040 0 0 0 0 0 0 0 0 3295 1825 9242 0 0 4518 1025 0 0 0 0 0 0 6503 0 0 0 935 3825 0 0 0 0 0 0 0 0 0 2314 7459 1817 3883 0 7303 0 4408 5273 3932 9978 0 0 0 4044 451 4583 9083 4119 5425 4957 0 0 5573 0 4754 0 9413 7021 8478 0 4734 0 0 0 3337 493 5117 8549 4502 0 0 0 0 0 961 938 1557 5446 0 3237 1371 0 0 5265 5035 0 0 0 403 5103 2628 3449 361 0 5782 3151 0 8097 9328 2691 9622 1828 482 5260 2343 9809 9399 4826 0 3700 6975 6268 0 727 6332 7418 8663 1613 2004 8880 3335 3948 3078 8731 9835 7591 4759 3126 0 0 0 0 0
0 0 0 0 832 9760 0 5741 0 0 0 0 0 0 9434 9700 5220 5783 0 0 0 0 0 6035 3302 0 6676 6610 795 0 0 5471 0 0 1511 0 7711 0 0 3697 0 1936 0 3307 7785 788 5797 0 0 0 2681 750 0 9154 0 0 4600 0 0 7108 0 0 2375 0 1524 0 3388 1418 0 3371 1744 0 0 0 4338 6544 5837 0 1322 0 5464 5678 0 8186 0 0 5535 453 4846 9963 6456 9920 3364 0 6 8975 8019 0 6064 2246 4393 0 4004 7924 6748 6949 1804 0 4435 6520 5663 0 3297 0 9729 8839 0 1585 5169 4142 4328 1135 3825 3466 2281 5916 1129 9748 8069 4978 3809 5153 8822 3578 4625 4831 5506 488 9925 7006 5569 8949 2998 1041 9774 0 0 0 0 0
0 0 0 0 0 0 1211 0 0 0 9547 0 0 0 6478 0 1941 5016 0 0 2587 0 2251 0 1221 4552 818 5591 4469 8565 0 0 0 0 0 0 0 0 2140 0 1059 0 0 0 3961 9705 0 5506 0 2588 2561 0 0 8927 3907 0 0 2992 9527 6559 2443 6573 0 0 0 8987 0 0 0 7131 6488 8307 2478 5919 8612 4969 0 0 0 0 182 0 0 0 9931 0 0 2722 0 9438 0 1238 7373 8134 541 8234 0 0 0 0 852 3111 6546 5221 2288 0 0 6440 0 4050 8315 4274 8499 3749 0 9016 4666 2075 828 6453 4249 9091 0 5475 2933 1864 3327 2120 1165 6412 9212 9671 2382 7820 7148 6548 6484 6436 2819 7752 2834 4301 9863 3939 9523 0 0 0 0 0
0 0 0 0 0 0 0 0 0 0 0 0 0 0 0 0 0 0 0 0 0 0 0 0 0 0 0 0 0 0 0 0 0 0 0 0 0 0 0 0 0 0 0 0 0 0 0 0 0 0 0 0 0 0 0 0 0 0 0 0 0 0 0 0 0 0 0 0 0 0 0 0 0 0 0 0 0 0 0 0 0 0 0 0 0 0 0 0 0 0 0 0 0 0 0 0 0 0 0 0 0 0 0 0 0 0 0 0 0 0 0 0 0 0 0 0 0 0 0 0 0 0 0 0 0 0 0 0 0 0 0 0 0 0 0 0 0 0 0 0 0 0 0 0 0 0 0 0 0 0
